x_real,mean_real,std_real,1sig_upper_real,1sig_lower_real,2sig_upper_real,2sig_lower_real,sample_0_real,sample_1_real,sample_2_real,sample_3_real,mean_norm,std_norm,1sig_upper_norm,1sig_lower_norm,2sig_upper_norm,2sig_lower_norm,sample_0_norm,sample_1_norm,sample_2_norm,sample_3_norm
0.099999999,-0.0318150870425426,0.001219354653916608,-0.030595732388625993,-0.03303444169645921,-0.029376377734709386,-0.034253796350375815,-0.02749719584753715,-0.03192284564848431,-0.03753513011768722,-0.027519712498410606,2.6649650888103555,0.8247284318547723,3.489693520665128,1.8402366569555832,4.314421952519901,1.015508225100811,4.218233770520724,3.4623513825812844,3.192322951650911,1.6044406532817013
0.102191969523999,-0.03180453946924477,0.0012240097373442435,-0.030580529731900525,-0.033028549206589014,-0.029356519994556282,-0.03425255894393325,-0.02750608557104787,-0.03191231892272543,-0.03751500993771104,-0.027536908139367537,2.664081579845794,0.8247515342490775,3.4888331140948714,1.8393300455967165,4.313584648343949,1.0145785113476389,4.219597507104317,3.461209654055994,3.190611751712935,1.605443185027341
0.10443198739577886,-0.031792959149233746,0.0012307135764419387,-0.03056224557279181,-0.03302367272567568,-0.029331531996349868,-0.03425438630211762,-0.027503493341675785,-0.0319006984518246,-0.037492046284326785,-0.027547317513237916,2.663111563686311,0.8246557983861399,3.487767362072451,1.8384557653001714,4.312423160458591,1.0137999669140314,4.219199843664784,3.4599492979482465,3.188658717381564,1.6060500671891298
0.10672110579904039,-0.03178039730174768,0.0012387459437254334,-0.030541651358022243,-0.03301914324547311,-0.02930290541429681,-0.034257889189198545,-0.02749039533445252,-0.03188801583826425,-0.037466365553456206,-0.02755158972013663,2.6620593306700515,0.8244339403209789,3.4864932709910303,1.8376253903490727,4.310927211312009,1.0131914500280936,4.217190531271547,3.458573741862835,3.1864745984957024,1.6062991432806015
0.10906040100296088,-0.03176689883624858,0.0012474688392447725,-0.030519429997003807,-0.03301436767549335,-0.029271961157759034,-0.034261836514738124,-0.02746771269353021,-0.03187430248626625,-0.037438092897666864,-0.027550333992809508,2.660928642601856,0.8240820463753286,3.4850106889771846,1.8368465962265272,4.309092735352513,1.0127645498511988,4.213710878929047,3.4570863919012145,3.1840700391483,1.6062259324876766
0.11145097286822062,-0.03175250312849053,0.001256329078227672,-0.03049617405026286,-0.03300883220671821,-0.02923984497203519,-0.034265161284945875,-0.027436313817002466,-0.03185958960559628,-0.03740735226177535,-0.02754412140971363,2.6597227977599855,0.8235992360926733,3.4833220338526587,1.8361235616673124,4.306921269945332,1.012524325574639,4.208894104081891,3.455490633074124,3.1814555807143705,1.6058637295438234
0.11389394536412188,-0.03173724525704243,0.0012648566025537408,-0.030472388654488692,-0.03300210185959617,-0.02920753205193495,-0.034266958462149916,-0.02739701652651459,-0.03184390821534475,-0.03737426641817045,-0.027533486511314466,2.6584447344724524,0.8229871767807528,3.481431911253205,1.8354575576916996,4.304419088033958,1.0124703809109468,4.202865665446001,3.453789829711666,3.178641664855188,1.6052436989626129
0.11639046709704268,-0.03172115735079138,0.0012726601684240738,-0.030448497182367307,-0.03299381751921546,-0.029175837013943235,-0.03426647768763953,-0.02735059012568551,-0.03182728914768429,-0.037338957001843504,-0.027518928823027543,2.6570971439895543,0.822249564978706,3.4793467089682606,1.8348475790108483,4.301596273946966,1.0125980140321422,4.195743578782808,3.4519873258708422,3.17563863649758,1.6043949638275097
0.11894171185047435,-0.03170426982250973,0.0012794216922551113,-0.030424848130254617,-0.03298369151476484,-0.029145426437999503,-0.03426311320701995,-0.02729775735116672,-0.031809763051616355,-0.03730154454515864,-0.027500914288040797,2.6556825738126215,0.8213916476111047,3.4770742214237265,1.8342909262015168,4.298465869034831,1.012899278590412,4.187638716203323,3.4500864457419134,3.172456746791103,1.6033446893275718
0.1215488791368963,-0.031686612367398094,0.001284890160401875,-0.030401722206996218,-0.03297150252779997,-0.029116832046594345,-0.034256392688201846,-0.027239196219972797,-0.03179136039669563,-0.037262148512345654,-0.02747987661306955,2.6542035113361675,0.8204198192704727,3.47462333060664,1.833783692065695,4.295043149877113,1.013363872795222,4.178655089559655,3.4480904940523445,3.1691061560416225,1.6021181612169912
0.12421319476174798,-0.03166821467886237,0.0012888756893108403,-0.03037933898955153,-0.03295709036817321,-0.02909046330024069,-0.03424596605748405,-0.02717554177653353,-0.03177211147673298,-0.03722088733374722,-0.027456218529916664,2.6526624438043718,0.8193413065159677,3.4720037503203396,1.833321137288404,4.291345056836307,1.0139798307724364,4.168890118453218,3.446002756468429,3.1655969366240004,1.6007388593659488
0.12693591139976268,-0.031649106878940646,0.0012912440799563091,-0.030357862798984336,-0.032940350958896955,-0.029066618719028027,-0.034231595038853264,-0.027107387742738537,-0.031752046413487583,-0.03717787843980362,-0.02743031297553725,2.6510618943654447,0.8181639347976523,3.469225829163097,1.8328979595677923,4.287389763960749,1.0147340247701402,4.158434883361419,3.4438264999957364,3.161939075872465,1.5992285265601636
0.12971830918393473,-0.031629319684860074,0.0012919120387694578,-0.030337407646090615,-0.032921231723629533,-0.02904549560732116,-0.03421314376239899,-0.02703528807407214,-0.03173119516033554,-0.03713323829480161,-0.027402504193138385,2.6494044360231266,0.8168959660706293,3.466300402093756,1.8325084699524972,4.283196368164385,1.015612503881868,4.147374364358017,3.44156497337701,3.158142478950911,1.597607232696662
0.13256169630739617,-0.031608884343881684,0.0012908431219135908,-0.030318041221968094,-0.032899727465795274,-0.029027198100054503,-0.034190570587708864,-0.026959758424766795,-0.03170958750592185,-0.037087082430380613,-0.027373108756681058,2.6476926861790187,0.815545992557888,3.4632386787369067,1.8321466936211306,4.278784671294795,1.0166007010632427,4.1357876658764,3.4392214074882617,3.154216971702569,1.595893434513784
0.13546740963848708,-0.031587832372060705,0.0012880443844112122,-0.03029978798764949,-0.03287587675647192,-0.029011743603238282,-0.03416392114088313,-0.026881277524741093,-0.031687253077800265,-0.037039525478814866,-0.027342416520992067,2.6459292847500517,0.8141228722120947,3.4600521569621465,1.831806412537957,4.274175029174241,1.0176835403258624,4.123748227940079,3.436799015733546,3.1501723034806157,1.5941040309841372
0.13843681534930746,-0.03156619513330298,0.0012835636658292422,-0.030282631467473738,-0.03284975879913222,-0.028999067801644494,-0.034133322464961466,-0.026800288470928506,-0.03166422134605186,-0.03699068120607157,-0.02731069149953892,2.644116858908485,0.8126356926849281,3.4567525515934134,1.831481166223557,4.269388244278341,1.018845473538629,4.11132402426022,3.4343009944374367,3.1460181499597346,1.5922544144901931
0.14147130955804696,-0.031544003296001905,0.0012774874087520024,-0.030266515887249903,-0.03282149070475391,-0.0289890284784979,-0.03409897811350591,-0.02671719993544803,-0.03164052162688769,-0.03694066254464962,-0.027278172671769362,2.64225797756754,0.8110937521459046,3.453351729713445,1.8311642254216354,4.264445481859349,1.0200704732757309,4.098577747576219,3.431730523235765,3.141764115929015,1.590358517893397
0.14457231898539444,-0.03152128620708448,0.0012699388767793665,-0.03025134733030511,-0.03279122508386385,-0.028981408453525745,-0.03406116396064321,-0.026632387292918523,-0.0316161830862379,-0.03688958162621722,-0.027245074721770037,2.6403550989488713,0.8095065466617231,3.4498616456105946,1.8308485522871483,4.259368192272317,1.0213420056254252,4.085566982592447,3.4290907654648963,3.137419738067745,1.58842885759908
0.14774130162533583,-0.03149807122795915,0.0012610766096522667,-0.03023699461830688,-0.03275914783761141,-0.028975918008654615,-0.03402022444726368,-0.026546193669070368,-0.03159123474332423,-0.03683754981403832,-0.027211588709854524,2.6384105149587747,0.8078837549258063,3.446294269884581,1.8305267600329684,4.254178024810387,1.022643005107162,4.0723443668415245,3.4263848685492073,3.132994487703249,1.586476572711052
0.1509797474306554,-0.031474383083200747,0.0012510929210249298,-0.030223290162175818,-0.03272547600422568,-0.028972197241150886,-0.033976568925250604,-0.0264589309126658,-0.031565705474215784,-0.03678467773521736,-0.027177882678549828,2.636426296631306,0.8062352119877908,3.442661508619097,1.830191084643515,4.248896720606887,1.0239558726557243,4.058957739782699,3.423615964386739,3.1284977735532666,1.5845114603615256
0.15428917901346326,-0.0314502432795208,0.0012402122083377996,-0.030210031071183,-0.0326904554878586,-0.0289698188628452,-0.0339306676961964,-0.026370880492599075,-0.03153962401537153,-0.03673107531274181,-0.02714410219431251,2.6344042454587986,0.8045708644669245,3.438975109925723,1.829833380991874,4.243545974392648,1.0252625165249496,4.045450280422356,3.420787169733421,3.123938944451135,1.5825420072939826
0.15767115236107815,-0.03142566965754991,0.001228688805705996,-0.03019698085184391,-0.0326543584632559,-0.028968292046137916,-0.0338830472689619,-0.026282294321910867,-0.03151301896717037,-0.03667685179735769,-0.027110370826169815,2.632345855847276,0.8029007008039485,3.4352465566512245,1.8294451550433277,4.238147257455173,1.0265444542393791,4.031860633722743,3.417901586585939,3.119327292056773,1.5805754177686715
0.16112725756760227,-0.03140067613950117,0.0012168040740896243,-0.030183872065411545,-0.032617480213590795,-0.02896706799132192,-0.03383428428768042,-0.026193395510317814,-0.031485918797418494,-0.036622115799255665,-0.027076790562347502,2.6302522939796824,0.8012346516858835,3.431486945665566,1.829017642293799,4.23272159735145,1.0277829906079154,4.018223026044483,3.414962302562146,3.114672053551545,1.5786176378526364
0.16465911958153182,-0.031375272728938704,0.0012048623960780737,-0.03017041033286063,-0.03258013512501678,-0.028965547936782556,-0.03378499752109485,-0.02610437904672674,-0.03145835184485433,-0.0365669753196068,-0.02704344216581534,2.6281243977964923,0.7995824581058852,3.4277068559023776,1.828541939690607,4.227289314008263,1.0289594815847218,4.004567369848332,3.4119723912812066,3.1099824143203447,1.5766733761485563
0.16826839896975498,-0.031349465801837784,0.0011931857366203214,-0.030156280065217464,-0.0325426515384581,-0.02896309432859714,-0.03373583727507842,-0.02601541241307447,-0.031430346322633126,-0.03651153778192201,-0.02701038546955119,2.6259627013761286,0.7979535077240735,3.4239162091002022,1.828009193652055,4.221869716824275,1.0300556859279817,3.99091935786186,3.408934912741536,3.1052675106186847,1.574746121009083
0.1719567926982968,-0.031323258699364614,0.0011821064601467276,-0.030141152239217886,-0.03250536515951134,-0.028959045779071158,-0.03368747161965807,-0.025926636130708048,-0.03140193032179399,-0.036455910063269516,-0.02697765961219687,2.623767484588682,0.7963566442482288,3.420124128836911,1.8274108403404532,4.21648077308514,1.0310541960922244,3.977300546897437,3.4058529136968336,3.100536432227707,1.5728381542759349
0.17572603493017727,-0.03129665259250253,0.0011719581736399066,-0.030124694418862622,-0.032468610766142436,-0.028952736245222713,-0.03364056893978234,-0.025838164240395717,-0.03137313181472698,-0.03640019852533758,-0.026945283214652303,2.6215388455206257,0.7947999592116007,3.4163388047322263,1.826738886309025,4.211138763943827,1.0319389270974242,3.963728431488778,3.402729428032125,3.095798225096034,1.5709505615756
0.1795778978407587,-0.0312696475395454,0.0011630645060558124,-0.030106583033489585,-0.03243271204560121,-0.028943518527433775,-0.033595776551657026,-0.02575008471693626,-0.031343978658612444,-0.036344509045355786,-0.026913254498028862,2.6192767890548994,0.7932905803238005,3.4125673693786998,1.825986208731099,4.205857949702501,1.0326956284072983,3.950216507494487,3.399567477136793,3.0910618939695937,1.5690832391961944
0.1835141924509649,-0.031242243195528364,0.00115571896114237,-0.030086524234385993,-0.032397962156670734,-0.028930805273243623,-0.0335536811178131,-0.02566246031813051,-0.03131449818365824,-0.03628894434202414,-0.026881553504249787,2.6169812862958,0.7918343622953804,3.4088156485911805,1.8251469240004194,4.2006500108865605,1.0333125617050392,3.9367744023353497,3.396370025244791,3.086336174964728,1.567235023551808
0.18753676947876458,-0.031214427591327833,0.0011499495975670598,-0.030064477993760774,-0.03236437718889489,-0.028914528396193715,-0.033514326786461955,-0.025575344892325803,-0.03128470386688131,-0.036233517167161666,-0.026850211494480903,2.61465133465935,0.790432119617461,3.4050834542768107,1.824219215041889,4.195515573894272,1.033787095424428,3.92341037666887,3.393138534073183,3.0816221526100995,1.5654077372154536
0.1916475202093188,-0.03118617916054213,0.0011454800411575506,-0.03004069911938458,-0.03233165920169968,-0.02889521907822703,-0.03347713924285723,-0.02548878705174131,-0.03125459249802336,-0.03617813183593377,-0.026819325864691435,2.612285127653318,0.7890789207274369,3.401364048380755,1.8232062069258812,4.190442969108192,1.0341272861984443,3.910131887899276,3.389872655437402,3.0769116890121517,1.5636070585187087
0.19584837738420188,-0.031157483339756237,0.001142009549994795,-0.03001547378976144,-0.03229949288975103,-0.028873464239766646,-0.03344150243974583,-0.02540281168418086,-0.03122415977124963,-0.03612268577821567,-0.026788979313184712,2.6098814453849997,0.7877687217474336,3.3976501671324333,1.822112723637566,4.185418888879867,1.0343440018901324,3.8969427539640455,3.3865719223266697,3.0721960606907075,1.561837808897111
0.20014131611011363,-0.031128332154926747,0.0011392438149861596,-0.029989088339940587,-0.03226757596991291,-0.028849844524954427,-0.03340681978489907,-0.02531741895710023,-0.0311934012733599,-0.03606707595136247,-0.026759234990405577,2.6074396199150844,0.786495079328301,3.3939346992433856,1.8209445405867835,4.180429778571686,1.0344494612584825,3.8838430005518942,3.383235856085354,3.067466503978258,1.56010367011663
0.20452835478751072,-0.031098722842129285,0.0011369069236964408,-0.029961815918432843,-0.032235629765825724,-0.028824908994736404,-0.03337253668952217,-0.02523258444797723,-0.031162312483366435,-0.0360111988124073,-0.02673013673797803,2.604959419725678,0.7852515114112608,3.390210931136939,1.819707908314417,4.175462442548199,1.0344563969031562,3.87082888110232,3.3798639663671906,3.0627142126554388,1.558407198209923
0.20901155605959282,-0.031068656694565783,0.0011347510571128453,-0.029933905637452938,-0.032203407751678625,-0.028799154580340092,-0.03333815880879147,-0.02514825921333598,-0.031130888772061605,-0.03595495029010768,-0.026701709271976723,2.602440953140796,0.7840317652853166,3.3864727184261127,1.8184091878554796,4.170504483711429,1.034377422570163,3.8578928873943408,3.376455751088385,3.057930335573608,1.5567498341613373
0.21359302778209052,-0.031038138175104212,0.0011325639667192733,-0.02990557420838494,-0.032170702141823486,-0.028773010241665665,-0.033303266108542756,-0.02506436979663259,-0.031099125401580836,-0.035898225756862905,-0.02667395831086231,2.5998845939889725,0.7828300004820326,3.382714594471005,1.81705459350694,4.165544594953038,1.0342245930249074,3.8450237507562055,3.373010696380214,3.053105974266448,1.5551319113657347
0.21827492401431067,-0.031007174264962738,0.0011301744131730022,-0.029876999851789737,-0.03213734867813574,-0.028746825438616733,-0.033267523091308746,-0.024980818175095,-0.031067017524942488,-0.035840920000469914,-0.026646870648392936,2.5972909270463127,0.7816409009239177,3.3789318279702303,1.8156500261223951,4.160572728894148,1.0340091251984773,3.832206433910306,3.3695282765391177,3.048232180547831,1.5535526598793414
0.2230594460319053,-0.030975773985013746,0.0011274558064763864,-0.02984831817853736,-0.032103229791490134,-0.028720862372060972,-0.03323068559796652,-0.02489748164549779,-0.031034560185585477,-0.03578292719573859,-0.02662041417170666,2.5946607079389112,0.7804597324165342,3.3751204403554453,1.8142009755223771,4.155580172771979,1.0337412431058428,3.819422113450355,3.366007953976552,3.043299954097731,1.5520102074739788
0.2279488433618399,-0.03094394801530821,0.0011243282855029316,-0.029819619729805277,-0.03206827630081114,-0.028695291444302346,-0.033192604586314074,-0.024814212648739002,-0.03100174831689099,-0.035724140875931516,-0.026594537824652036,2.591994831272618,0.7792823603400149,3.371277191612633,1.812712470932603,4.1505595519526475,1.0334301105925883,3.806648152930422,3.3624491791671134,3.038300240033205,1.5505015774991828
0.23294541484004788,-0.030911708341594877,0.0011207594294140864,-0.02979094891218079,-0.03203246777100896,-0.028670189482766704,-0.03315322720042305,-0.02473083853297303,-0.030968576741691508,-0.0356644539040479,-0.02656917151632742,2.5892943010240046,0.7781052398874951,3.3673995409115,1.8111890611365093,4.145504780798995,1.0330838212490143,3.793858066528109,3.358851390595286,3.0332239264661225,1.549022683549908
0.23805150969226865,-0.030879067868297846,0.0011167637209759946,-0.029762304147321852,-0.03199583158927384,-0.02864554042634586,-0.033112595310249834,-0.02464716125494068,-0.030935040171769942,-0.035603758443934354,-0.026544225974672608,2.5865601981217394,0.776925388404085,3.363485586525824,1.8096348097176544,4.140410974929909,1.0327094213135695,3.781021473226799,3.35521401470112,3.0280618420461676,1.5475683209306972
0.24326952863857754,-0.030846039951809175,0.00111240079530458,-0.029733639156504597,-0.03195844074711376,-0.028621238361200015,-0.033070841542418336,-0.02456295701902205,-0.030901133207344163,-0.03554194593121083,-0.026519592544838762,2.583793641353224,0.7757403468003803,3.359533988153604,1.8080532945528436,4.135274334953984,1.0323129477524633,3.768104041444217,3.351536465824324,3.02280475348812,1.5461321549003482
0.24860192502212625,-0.030812637824063866,0.001107772418057067,-0.029704865406006798,-0.03192041024212093,-0.028597092987949733,-0.033028182660178,-0.024477975853425194,-0.03086685033654709,-0.03547890704401869,-0.026495142931945267,2.5809957390808145,0.7745481348419103,3.355543873922725,1.8064476042389042,4.130092008764635,1.0318994693969938,3.755067424017245,3.3478181461478718,3.0174433630840096,1.5447067056742494
0.25405120596262504,-0.03077887389293895,0.0011030180544675386,-0.02967585583847141,-0.03188189194740649,-0.028572837784003872,-0.03298491000187403,-0.02439194112280557,-0.030832185934877243,-0.03541453167357431,-0.026470728887713447,2.5781675306403167,0.7733472033866884,3.3515147340270053,1.8048203272536283,4.1248619374136934,1.03147312386694,3.741869183434838,3.3440584456384137,3.011968306198732,1.5432833301546536
0.25961993353510954,-0.030744758921973963,0.0010983088252742653,-0.029646450096699698,-0.03184306774724823,-0.028548141271425433,-0.032941376572522496,-0.02430454897649681,-0.030797134264661092,-0.035348708894529235,-0.026446181840347614,2.575309917630932,0.7721363853573782,3.34744630298831,1.8031735322735538,4.119582688345688,1.0310371469161757,3.728462707193337,3.3402567419879614,3.0063701487492125,1.5418522003521875
0.2653107259745447,-0.030710301104991542,0.001093839609449888,-0.029616461495541653,-0.03180414071444143,-0.028522621886091767,-0.03289798032389132,-0.024215467731413184,-0.030761689474482434,-0.03528132693512362,-0.0264213124669137,2.572423586401601,0.7709148464259655,3.343338432827567,1.8015087399756355,4.114253279253532,1.0305938935496701,3.714797113130027,3.3364124005519966,3.0006393846659836,1.5404022784548814
0.2711262589068343,-0.030675505058643898,0.0010898190598511884,-0.02958568599879271,-0.031765324118495086,-0.02849586693894152,-0.03285514317834627,-0.024124337188566394,-0.030725845598616037,-0.035212273147135924,-0.026395910207343515,2.5695089236624704,0.7696820361844391,3.3391909598469094,1.7998268874780314,4.108872996031349,1.0301448512935922,3.7008171445727367,3.332524774288046,2.994766433337445,1.5389212884938863
0.2770692666068131,-0.030640368284231577,0.0010864310385004367,-0.02955393724573114,-0.031726799322732015,-0.028467506207230705,-0.03281323036123245,-0.024030793658302376,-0.030689595348980903,-0.03514144107704227,-0.026369766788884592,2.566565720111997,0.7684375927677112,3.3350033128797083,1.7981281273442857,4.103440905647419,1.0296905345765746,3.686467009360358,3.3285930727309485,2.9887422410044504,1.537397087854302
0.28314254328381433,-0.03060486075170206,0.0010836055279284849,-0.029521255223773576,-0.031688466279630546,-0.02843764969584509,-0.032772071807559026,-0.02393468469805879,-0.03065292002173685,-0.03506878979680496,-0.02634287692182809,2.5635914603070673,0.7671808800262593,3.3307723403333265,1.7964105802808081,4.097953220359586,1.0292297002545487,3.671723321895026,3.3246152672624656,2.9825633267808627,1.5358293681381427
0.2893489443954165,-0.030568939314721606,0.0010811401163484493,-0.029487799198373157,-0.03165007943107005,-0.028406659082024707,-0.032731219547418505,-0.023835959369494373,-0.030615794623834576,-0.034994313729845385,-0.026315336073663924,2.5605825301298593,0.7659110844436469,3.326493614573506,1.7946714456862125,4.092404699017153,1.0287603612425655,3.656578267931515,3.320588647136828,2.9762292163845943,1.5342236952437402
0.29569138798998607,-0.030532562999086292,0.0010788470375657176,-0.029453715961520573,-0.03161141003665201,-0.028374868923954858,-0.03269025707421773,-0.023734537832357273,-0.030578193979081528,-0.034918006721950015,-0.026287218998855742,2.5575354974092503,0.7646273645665235,3.322162861975774,1.7929081328427268,4.0867902265422975,1.0282807682762034,3.641019599499215,3.3165104817445505,2.9697393864063195,1.5325844274688238
0.3021728560786498,-0.030495694568072346,0.0010765649851601055,-0.02941912958291224,-0.03157225955323245,-0.028342564597752137,-0.03264882453839256,-0.023630309962396293,-0.030540092787792867,-0.03483986167319475,-0.026258578758462006,2.554447243041126,0.7633288025405675,3.3177760455816934,1.7911184405005587,4.081104848122261,1.0277896379599911,3.625030422881476,3.3123780270821777,2.9630932330050355,1.5309146583529538
0.3087963960373395,-0.030458301348553138,0.0010741671260805314,-0.029384134222472606,-0.03153246847463367,-0.028309967096392073,-0.0326066356007142,-0.023523135233880457,-0.03050146562391085,-0.03475987053745085,-0.026229446926211646,2.551315030187405,0.7620143809714683,3.313329411158873,1.7893006492159365,4.075343792130342,1.0272862682444681,3.608589180593405,3.3081885254398498,2.956290071866038,1.529216228692042
0.315565122039569,-0.03042035556835612,0.0010715667651018002,-0.029348788803254318,-0.03149192233345792,-0.028277222038152517,-0.03256348909855972,-0.02341284253160505,-0.030462286932095635,-0.034678024321668006,-0.026199833734903748,2.548136532534467,0.7606829736673549,3.308819506201822,1.7874535588671123,4.069502479869177,1.0267705851997573,3.591669622542478,3.303939205085774,2.949329138139949,1.5274897350736751
0.32248221652061754,-0.030381834291277048,0.0010687207627066272,-0.029313113528570422,-0.03145055505398368,-0.028244392765863793,-0.0325192758166903,-0.023299229892135346,-0.03042253102480749,-0.03459431308492425,-0.026169728163482318,2.5449098288496765,0.7593333406429325,3.304243169492609,1.7855764882067442,4.063576510135541,1.0262431475638116,3.574240766333781,3.299627279949757,2.9422095863619133,1.5257345349537026
0.32955093167380795,-0.03034271900196252,0.0010656307872708036,-0.02927708821469172,-0.03140834978923333,-0.028211457427420913,-0.03247398057650413,-0.023182064173909864,-0.030382172079378086,-0.03450872593724487,-0.026139097965011286,2.5416333682093977,0.7579641225976107,3.2995974908070083,1.783669245611787,4.057561613404619,1.0257051230141763,3.5562668466618845,3.2952499493055623,2.9349304903511477,1.5239487482872232
0.3367745909795816,-0.030302994863115988,0.0010623424264872324,-0.029240652436628756,-0.03136533728960322,-0.028178310010141525,-0.03242767971609045,-0.02306108065569726,-0.03034118413506039,-0.03442125103820027,-0.026107889635651225,2.5383059077794607,0.756573834916341,3.2948797426958016,1.7817320728631199,4.0514535776121425,1.0251582379467787,3.5377072537117358,3.2908043974509367,2.9274908430916904,1.5221292557198798
0.3441565907680921,-0.030262649646061054,0.0010589421084484807,-0.029203707537612575,-0.031321591754509534,-0.028144765429164092,-0.032380533862958014,-0.022935982562772243,-0.03029954109007439,-0.03433187559526109,-0.026076028324614104,2.5349264232346562,0.7551608656851628,3.290087288919819,1.7797655575494935,4.045248154604982,1.0246046918643306,3.51851646047122,3.2862877933871943,2.919889556592506,1.5202716933380866
0.3517004018160483,-0.030221672324589173,0.0010555517070446035,-0.029166120617544568,-0.03127722403163378,-0.028110568910499966,-0.032332775738678377,-0.02280644052004498,-0.030257216698626358,-0.03424058586193854,-0.02604341768494871,2.5314939909735252,0.753723485854921,3.2852174768284463,1.7777705051186041,4.038940962683367,1.0240470192636832,3.498643938837952,3.281697290495922,2.912125461729322,1.5183704439695949
0.3594095709785619,-0.030180051321948818,0.001052320647747341,-0.029127730674201477,-0.03123237196969616,-0.028075410026454136,-0.0322846926174435,-0.02267209193124851,-0.030214184567922197,-0.034147367135677044,-0.02600993966488454,2.5280076412788186,0.752259882046699,3.2802675233255174,1.7757477592321196,4.032527405372217,1.0234878771854206,3.478034064382924,3.2770300262150496,2.904197308065403,1.516418625018527
0.36728772285676303,-0.030137772164045912,0.0010494097134048294,-0.029088362450641083,-0.031187181877450742,-0.028038952737236254,-0.03223659159085557,-0.022532560229409446,-0.030170418332734324,-0.034052204737286,-0.025975458911282598,2.524466161739728,0.750768270965786,3.2752344327055143,1.773697890773942,4.0260027036713,1.022929619808156,3.456629069487472,3.2722831409723705,2.896103847151177,1.5144083451931858
0.37533856150197026,-0.030094809135407657,0.001046829993469229,-0.029047979141938428,-0.031141639128876887,-0.028001149148469198,-0.03218846912234612,-0.022387990051821193,-0.030125896422341928,-0.03395511038103875,-0.025939947979118784,2.5208673983204295,0.7492482766424216,3.270115674962851,1.771619121678008,4.019363951605273,1.0223708450355864,3.4344511423746766,3.267454295207814,2.887846075273152,1.512338004407364
0.38356587215721505,-0.03005112674098394,0.0010444298894937347,-0.029006696851490203,-0.031095556630477673,-0.027962266961996468,-0.03213998651997141,-0.02223910772092668,-0.030080602591349967,-0.03385612512809668,-0.025903501356867347,2.5172083778066967,0.7477010266642978,3.2649094044709948,1.7695073511423989,4.012610431135292,1.021806324478101,3.4116117052373323,3.262541726946066,2.8794274846394923,1.5102131114813064
0.3919735230369407,-0.025897601562470264,0.0010745417149024827,-0.02482305984756778,-0.026972143277372747,-0.0237485181326653,-0.02804668499227523,-0.022086639455940252,-0.030034520721721334,-0.0337552906708554,-0.025866199060413476,2.169291693454004,0.686793652612648,2.856085346066652,1.4824980408413557,3.5428789986793,0.7957043882287078,3.388222164432354,3.257543688025053,2.870851621144166,1.5080383314615364
0.4005654671457106,-0.025863331807404643,0.0010873259400814037,-0.024776005867323238,-0.026950657747486048,-0.023688679927241836,-0.02803798368756745,-0.021931281418072067,-0.029987634536447746,-0.03365264777325494,-0.025828099444733757,2.166421115079353,0.6851221522575268,2.8515432673368797,1.481298962821826,3.5366654195944065,0.7961768105642992,3.36438931523962,3.252458413040688,2.862121951716978,1.505817066531008
0.40934574413678326,-0.025827507979134988,0.0010901042116981414,-0.02473740376743685,-0.026917612190833128,-0.023647299555738705,-0.02800771640253127,-0.02177370165280181,-0.029939927597757637,-0.033548236284203226,-0.025789239443268892,2.163420361017027,0.6830514328278146,2.8464717938448416,1.4803689281892123,3.529523226672656,0.7973174953613977,3.34021563981834,3.2472841191525035,2.8532418654652245,1.5035514699648949
0.41831848221142576,-0.025789911262106432,0.0010819314171599443,-0.02470797984494649,-0.026871842679266376,-0.023626048427786542,-0.027953774096426322,-0.02161454196738656,-0.02989138330532927,-0.033442095150759917,-0.025749634748353865,2.160271102358674,0.6805879262976985,2.8408590286563724,1.4796831760609752,3.5214469549540706,0.7990952497632768,3.3157995952279533,3.24201900588984,2.8442146747949666,1.5012424566499427
0.42748790005986,-0.02575057596410472,0.001064544975662414,-0.02468603098844231,-0.026815120939767133,-0.023621486012779892,-0.02787966591542955,-0.021454419747208395,-0.029841984894469438,-0.03333426243112514,-0.02570927993314151,2.1569762128682775,0.6778592928444632,2.8348355057127406,1.4791169200238143,3.512694798557204,0.801257627179351,3.2912358920666804,3.236661254954313,2.835043616515703,1.4988897101927945
0.43685830884475424,-0.025709813140508405,0.0010422970376605016,-0.024667516102847904,-0.026752110178168906,-0.0236252190651874,-0.02779440721582941,-0.02129392971445948,-0.02979171543428231,-0.033224775307388335,-0.025668148515332924,2.1535617478485762,0.6750824742106669,2.828644222059243,1.4784792736379093,3.50372669626991,0.8033967994272424,3.2666157642643,3.231209030021202,2.825731852924652,1.4964916866355709
0.4464341142281915,-0.025668175837758635,0.0010218785718953565,-0.024646297265863277,-0.026690054409653993,-0.023624418693967923,-0.027711932981549347,-0.021133645632554633,-0.02974055782582459,-0.03311367009808527,-0.025626192962905598,2.15007403278836,0.6725245295286402,2.8225985623170002,1.47754950325972,3.4951230918456404,0.8050249737310797,3.2420272305491977,3.225660476539362,2.816282472874707,1.4940456147898282
0.45621981844306936,-0.025626366870317784,0.0010113458004476696,-0.024615021069870114,-0.026637712670765454,-0.023603675269422444,-0.027649058471213125,-0.0209741215212649,-0.029688494802719866,-0.03300098200371445,-0.02558334489666938,2.1465719383738424,0.6704529420951381,2.8170248804689804,1.4761189962787045,3.4874778225641183,0.8056660541835663,3.217555280857101,3.220013721797854,2.8066984701308817,1.4915475080458762
0.46622002240990296,-0.025584826900792668,0.001014430290450052,-0.024570396610342615,-0.02659925719124272,-0.023555966319892565,-0.02761368748169277,-0.02081575161185509,-0.029635509730643276,-0.032886658900670517,-0.025539597316509344,2.1430923763526337,0.6689474661552454,2.812039842507879,1.4741449101973885,3.4809873086631242,0.805197444042143,3.193260392614284,3.214266961638042,2.796975411635898,1.4889969582864806
0.47643942790002947,-0.02554321343159867,0.001024386990512767,-0.0245188264410859,-0.026567600422111436,-0.023494439450573133,-0.027591987412624204,-0.020658568175618404,-0.029581587755987886,-0.03277043755025061,-0.025495122888088268,2.1396066576909814,0.6677274287805619,2.8073340864715433,1.4718792289104194,3.475061515252105,0.8041518001298575,3.169147516429512,3.208418585037929,2.787090909217655,1.4864040321796268
0.4868828397462273,-0.025501011980570726,0.0010337173965122366,-0.02446729458405849,-0.026534729377082962,-0.023433577187546253,-0.027568446773595198,-0.02050253582683124,-0.02952671414125863,-0.03265202245061734,-0.025450103633013022,2.1360716872055563,0.6665147673508913,2.8025864545564474,1.469556919854665,3.469101221907339,0.8030421525037736,3.14521122392183,3.202466993569012,2.7770198307587264,1.483779341858921
0.4975551681017938,-0.02545780935215246,0.0010372471733245867,-0.024420562178827876,-0.026495056525477047,-0.023383315005503287,-0.027532303698801636,-0.020347603158839576,-0.02947087397220295,-0.032531117096202246,-0.025404701605672556,2.132452853904061,0.6651278558937421,2.797580709797803,1.467324998010319,3.4627085656915453,0.8021971421165768,3.121443629004043,3.196410569631672,2.766736958775424,1.481132335339116
0.5084614307491386,-0.02541344554519711,0.0010328091932977328,-0.024380636351899375,-0.026446254738494844,-0.023347827158601644,-0.027479063931792575,-0.02019370285350908,-0.029414052156229775,-0.03240742389687238,-0.025359059441057083,2.1287367554195704,0.6634996332636451,2.7922363886832153,1.4652371221559253,3.4557360219468607,0.8017374888922801,3.097834404673021,3.190247676283696,2.7562169835430006,1.4784713284547937
0.5196067554589832,-0.02536810700815414,0.0010213755014814622,-0.02434673150667268,-0.026389482509635603,-0.023325356005191217,-0.027410858011117065,-0.02004075174988693,-0.029356233420798915,-0.03228064409684936,-0.025313300848464632,2.1249390094559755,0.6616768249422736,2.786615834398249,1.463262184513702,3.448292659340523,0.8015853595714282,3.074370793542828,3.1839766570655943,2.745434496199804,1.4758035336442004
0.5309963824012714,-0.02532234156312456,0.0010068888805346945,-0.024315452682589864,-0.026329230443659254,-0.02330856380205517,-0.02733611932419395,-0.01988865087234762,-0.029297402311800273,-0.03215047769334767,-0.025267531052206048,2.12110550388943,0.6598024555101266,2.7809079593995567,1.4613030483793037,3.4407104149096837,0.801500592869177,3.0510376121624576,3.1775958358248064,2.734363981827549,1.4731350856430108
0.5426356666089283,-0.025276986482127835,0.0009956436796488232,-0.02428134280247901,-0.02627263016177666,-0.02328569912283019,-0.02726827384142548,-0.01973728541841651,-0.02923754319191054,-0.032016623354933806,-0.025221837180305805,2.117306372134901,0.658081470020452,2.775387842155353,1.4592249021144488,3.433469312175805,0.8011434320939967,3.0278172491478923,3.17110351653747,2.7229798125078517,1.4704710641461718
0.5545300804956211,-0.025232863363164645,0.000993820111621041,-0.024239043251543604,-0.026226683474785687,-0.023245223139922562,-0.02722050358640673,-0.019586480909693872,-0.029176638257685347,-0.03187879737561934,-0.025176261579775996,2.1136104346858193,0.6566978226620653,2.7703082573478848,1.4569126120237539,3.42700608000995,0.8002147893616887,3.0046829384724427,3.1644977682422635,2.711257859347711,1.4678139380482165
0.5666852164287131,-0.025189512078201675,0.0009986551377015385,-0.024190856940500136,-0.026188167215903214,-0.023192201802798598,-0.027186822353604752,-0.0194356792611227,-0.029114652895466785,-0.03173687428269802,-0.025130602282060155,2.1099791492888342,0.6555452576884957,2.76552440697733,1.4544338916003385,3.4210696646658256,0.7988886339118428,2.9815490665612785,3.1577748367423446,2.6991874510267198,1.465151932278359
0.57910678935861,-0.02514581258187005,0.0010035134470235605,-0.024142299134846487,-0.02614932602889361,-0.02313878568782293,-0.02715283947591717,-0.01928412160334798,-0.029051543997894703,-0.031590806859843064,-0.025084526033489096,2.1063186962475884,0.6544009404059148,2.760719636653503,1.4519177558416736,3.415120577059418,0.7975168154357588,2.9582992183312595,3.1509300466140484,2.6867645718464335,1.46246561764617
0.5918006395057476,-0.025100801716157584,0.0010038778206357577,-0.024096923895521826,-0.02610467953679334,-0.02309304607488607,-0.0271085573574291,-0.019131028849552967,-0.02898726820063744,-0.03144054694950276,-0.02503767986585632,2.102548397408536,0.653111627168677,2.755660024577213,1.449436770239859,3.40877165174589,0.796325143071182,2.9348138772200865,3.143958694562582,2.673985126058224,1.4597344155740255
0.604772735106471,-0.025053861578250194,0.0009983366039864037,-0.02405552497426379,-0.0260521981822366,-0.023057188370277388,-0.027050534786223,-0.018975601364452525,-0.028921781938766617,-0.03128604485302523,-0.02498969102736303,2.098616494641152,0.65162384004348,2.750240334684632,1.446992654597672,3.4018641747281118,0.795368814554192,2.910970374407907,3.136856055536437,2.6608448868445342,1.4569365940710992
0.6180291752191073,-0.025004811510356318,0.000988769075585777,-0.02401604243477054,-0.025993580585942096,-0.023027273359184763,-0.026982349661527873,-0.01881701722946305,-0.02885504144177025,-0.031127249319671525,-0.02494016602279474,2.094507855291331,0.6499881477312912,2.7444960030226224,1.44451970756004,3.3944841507539136,0.7945315598287488,2.886642622684041,3.1296173821865096,2.647339495384446,1.4540492117742123
0.6315761925915441,-0.02495388105223479,0.0009799116569726134,-0.023973969395262175,-0.025933792709207405,-0.022994057738289563,-0.026913704366180017,-0.018654430456608702,-0.02878700272855986,-0.030964107535278736,-0.02488868959736092,2.090241706571716,0.6483389608182294,2.7385806673899453,1.4419027457534868,3.386919628208175,0.7935637849352573,2.861700842449544,3.122237904324572,2.6334644598894985,1.451048058704157
0.6454201565916657,-0.024901511842522272,0.0009774938745390981,-0.023924017967983175,-0.02587900571706137,-0.022946524093444075,-0.02685649959160047,-0.018487043964975153,-0.028717623596996977,-0.030796560416099655,-0.024834869860891222,2.0858550419862687,0.6468340437127643,2.732689085699033,1.4390209982735045,3.3795231294117976,0.7921869545607401,2.8360227567402747,3.114713044707289,2.619214755349742,1.4479102870742433
0.6595675762020231,-0.024847717463632353,0.000980107982733809,-0.023867609480898545,-0.02582782544636616,-0.022887501498164736,-0.02680793342909997,-0.01831495184937843,-0.028646886114811115,-0.030624489647755326,-0.024778858449592944,2.0813489992549012,0.6454311503219105,2.7267801495768116,1.435917848932991,3.372211299898722,0.7904866986110803,2.8096228002619683,3.10704085840086,2.604580319252903,1.4446447375035554
0.6740251030801458,-0.024792216830368283,0.000982119235233452,-0.023810097595134833,-0.025774336065601734,-0.02282797835990138,-0.02675645530083519,-0.01813883789552447,-0.028574788569363855,-0.030447736598622748,-0.024721164591995016,2.0767000335029664,0.6439747791970409,2.7206748127000075,1.4327252543059255,3.3646495918970483,0.7887504751088845,2.782605869818377,3.099221159652547,2.589547660147925,1.4412810987816718
0.6887995346859365,-0.024734978496415153,0.0009801469496055354,-0.02375483154680962,-0.025715125446020688,-0.02277468459720408,-0.026695272395626225,-0.01795937210730199,-0.02850132933012161,-0.0302661402612604,-0.024662282814056403,2.071905510655275,0.6423772161364975,2.7142827267917724,1.4295282945187777,3.35665994292827,0.7871510783822802,2.7550747480003324,3.0912537716147006,2.574103084522905,1.4378482025162158
0.7038978174776143,-0.0246764313857247,0.0009740685180536395,-0.02370236286767106,-0.02565049990377834,-0.02272829434961742,-0.02662456842183198,-0.01777720120409487,-0.02842650654436511,-0.03007953792707274,-0.02460268740233552,2.067001359180469,0.6406487296123524,2.707650088792821,1.4263526295681164,3.3482988184051736,0.785703899955764,2.7271286454168076,3.0831384933414148,2.5582327541846017,1.4343737003273005
0.7193270501777158,-0.024617523595108673,0.0009669887759803448,-0.02365053481912833,-0.025584512371089017,-0.022683546043147984,-0.026551501147069362,-0.017592950482290853,-0.028350318137224398,-0.029887765144255077,-0.024542833861809867,2.062066995642794,0.6388946728235176,2.700961668466312,1.4231723228192765,3.3398563412898294,0.7842776499957589,2.698863486261456,3.074875099792324,2.541922682681684,1.4308841488406072
0.7350944871106826,-0.024559558158565177,0.0009640171448311131,-0.023595541013734064,-0.02552357530339629,-0.02263152386890295,-0.026487592448227404,-0.017407235463036616,-0.028272761549921456,-0.029690659390735855,-0.02448315187417824,2.0572115676334506,0.6372750659322909,2.6944866335657416,1.4199365017011596,3.331761699498032,0.7826614357688688,2.6703736951476724,3.0664633134424006,2.525159047684576,1.4274045991458069
0.7512075416136104,-0.02450284055398849,0.0009652775749825059,-0.023537562979005982,-0.025468118128970995,-0.022572285404023475,-0.0264333957039535,-0.017220887302610826,-0.028193827788560385,-0.029488144496507374,-0.024423854543763918,2.052460663261707,0.6357964387009147,2.6882571019626216,1.416664224560792,3.3240535406635363,0.7808677858598774,2.641786776403633,3.0579021588138247,2.5079353710150207,1.423947475545649
0.767673789521758,-0.0244465737595202,0.0009659267448872359,-0.023480647014632962,-0.025412500504407437,-0.022514720269745728,-0.02637842724929467,-0.01703495919496883,-0.028113501314807186,-0.029280232166391047,-0.02436493561576737,2.047747520634853,0.6343149200484631,2.6820624406833162,1.4134326005863902,3.3163773607317797,0.779117680537927,2.613264296260818,3.049189950619112,2.4902526481556477,1.420512413375908
0.784500972730461,-0.024390235437714926,0.0009632864616363838,-0.023426948976078544,-0.02535352189935131,-0.022463662514442158,-0.026316808360987695,-0.016850502362216566,-0.028031766082303677,-0.029066936290970433,-0.024306364467391255,2.043028386578346,0.632748635233559,2.675777021811905,1.410279751344787,3.3085256570454638,0.7775311161112279,2.5849675184572516,3.0403249484704844,2.472112060485836,1.4170976272814144
0.801697002835118,-0.024333867437235708,0.0009579949998952037,-0.023375872437340503,-0.025291862437130913,-0.0224178774374453,-0.026249857437026115,-0.016668558270203086,-0.027948605818522623,-0.028848268931126016,-0.024248095287285297,2.0383067665116683,0.631112439417224,2.669419205928892,1.4071943270944445,3.3005316453461164,0.7760818876772204,2.557056210062991,3.03130538744987,2.453514633770661,1.4137004463915053
0.819269964850967,-0.024278116412366494,0.0009537383512928103,-0.023324378061073684,-0.025231854763659304,-0.022370639709780874,-0.026185593114952114,-0.016490161449787277,-0.02786400402449751,-0.028624240301811717,-0.02419006707125649,2.033636826909014,0.629508679012563,2.663145505921577,1.4041281478964511,3.29265418493414,0.7746194688838881,2.529689074279257,3.022129478079597,2.434461236781105,1.4103173140699228
0.8372281210143971,-0.024223645393516024,0.0009536495880251505,-0.023269995805490874,-0.025177294981541174,-0.022316346217465723,-0.026130944569566324,-0.016316246695475798,-0.02777795112745624,-0.028394735426453262,-0.024132246285405994,2.0290741059774535,0.6280216402443349,2.6570957462217883,1.4010524657331187,3.2851173864661236,0.7730308254887837,2.5030095141562487,3.01279618209694,2.414942090881639,1.4069462752398991
0.8555799146675832,-0.024169955016301762,0.0009542258834838233,-0.023215729132817938,-0.025124180899785586,-0.022261503249334114,-0.02607840678326941,-0.016147428716989647,-0.027690461156199546,-0.028159226579219453,-0.02407472647953317,2.02457677486251,0.6265449380900265,2.6511217129525364,1.3980318367724833,3.277666651042563,0.7714868986824568,2.4771118298298265,3.003307021065427,2.3949123135508,1.403592783995521
0.8743339742282724,-0.024116575415209677,0.0009524468527309845,-0.02316412856247869,-0.025069022267940663,-0.02221168170974771,-0.026021469120671645,-0.01598425624286675,-0.027601552866357303,-0.02791709861212906,-0.0240176159341684,2.020105475658619,0.6249845007070225,2.6450899763656417,1.3951209749515967,3.270074477072664,0.7701364742445742,2.4520801995290125,2.993664029220405,2.3743195871061142,1.4002631532546612
0.893499117246585,-0.02406368501940145,0.0009485269895389538,-0.023115158029862498,-0.025012212008940403,-0.022166631040323542,-0.02596073899847936,-0.015827279851064798,-0.02751124478776483,-0.027667734223009072,-0.023961008494392463,2.0156751543405034,0.6233369246116485,2.6390120789521516,1.392338229728855,3.2623490035638003,0.7690013051172064,2.427999085194847,2.983869216307548,2.3531114106533826,1.396962854326758
0.9130843545507414,-0.024012245598565823,0.0009457934653906915,-0.023066452133175132,-0.024958039063956515,-0.02212065866778444,-0.025903832529347207,-0.01567704892491955,-0.02741955516555014,-0.027410514611236052,-0.023904983196311517,2.011366372769915,0.6216810970777177,2.6330474698476327,1.3896852756921976,3.2547285669253503,0.7680041786144798,2.404952765506244,2.97392456119318,2.331235155856791,1.3936964951357422
0.93309889448366,-0.023962942515638425,0.0009463611964654064,-0.02301658131917302,-0.02490930371210383,-0.022070220122707613,-0.025855664908569238,-0.015533159517060654,-0.027326489348189945,-0.027144988511707456,-0.02384945003034135,2.007236539820015,0.620043163201695,2.62727970302171,1.3871933766183202,3.247322866223405,0.7671502134166253,2.3828792725284136,2.963830643973008,2.3086524430986417,1.3904588279873982
0.9535521472324224,-0.023914777979321608,0.0009468318446271369,-0.02296794613469447,-0.024861609823948746,-0.022021114290067333,-0.025808441668575884,-0.015393086393492189,-0.02723202435245693,-0.026871079124342747,-0.023793960625068913,2.0032020763080522,0.6182706195866717,2.621472695894724,1.3849314567213806,3.2397433154813955,0.7666608371347088,2.3613912203119276,2.953584971886526,2.285356740613653,1.3872237121535875
0.9744537292526365,-0.023867060092699406,0.0009454413638774923,-0.022921618728821914,-0.0248125014565769,-0.02197617736494442,-0.02575794282045439,-0.015254017023076102,-0.027136133195400775,-0.026588757689108632,-0.023738005306764766,1.9992050260472771,0.6162363159803753,2.6154413420276525,1.3829687100669017,3.231677658008028,0.7667323940865265,2.340057149812999,2.943184618363329,2.2613456023915366,1.3839614328888723
0.9958134677897833,-0.023820217149977053,0.0009438652594057393,-0.022876351890571314,-0.02476408240938279,-0.021932486631165576,-0.02570794766878853,-0.015113130450631843,-0.027038788668966175,-0.026297992814261994,-0.023681058053642758,1.9952812647561233,0.613862689089751,2.6091439538458743,1.3814185756663724,3.2230066429356254,0.7675558865766214,2.318444309689503,2.9326266324181267,2.236616358597882,1.3806413223315055
1.0176414054996676,-0.023776015435297594,0.0009457916305167601,-0.022830223804780832,-0.024721807065814356,-0.021884432174264074,-0.025667598696331114,-0.014968218305963716,-0.026939961316319972,-0.025998834671438775,-0.023622663688417932,1.9915787438003014,0.6110168428006049,2.6025955866009065,1.3805619009996966,3.213612429401511,0.7695450581990917,2.2962139227879805,2.9219078191632164,2.2111732762770404,1.3772368429607744
1.039947805170149,-0.02373637288969165,0.0009503126838151806,-0.02278606020587647,-0.02468668557350683,-0.02183574752206129,-0.02563699825732201,-0.01482159609538669,-0.026839606823042515,-0.025691940252174184,-0.023562989302035008,1.98825811796231,0.607256867417182,2.595514985379492,1.3810012505451281,3.202771852796674,0.773744383127946,2.2737212015812904,2.9110233722572763,2.1850722318613114,1.3737577364302125
1.0627431545463732,-0.02370583398356535,0.0009571570051000928,-0.022748676978465256,-0.024662990988665444,-0.021791519973365165,-0.025620147993765535,-0.014677564559643964,-0.026737674201815085,-0.025378232321178185,-0.023502465819087163,1.985700051137969,0.6016415373944034,2.5873415885323725,1.3840585137435655,3.188983125926776,0.7824169763491622,2.2516259053387704,2.8999677616164474,2.158391705509238,1.370229126292104
1.086038171261767,-0.023706213132842418,0.0009784797478527348,-0.022727733384989682,-0.024684692880695153,-0.021749253637136947,-0.02566317262854789,-0.014540429447997827,-0.026634112195554265,-0.025058632645490905,-0.023441508417150102,1.985731810271159,0.5910002232785391,2.576732033549698,1.39473158699262,3.167732256828237,0.8037313637140808,2.230588561666446,2.8887354278981947,2.1312100925286046,1.3666752180239163
1.109843807877123,-0.02471525040433867,0.0005307649656452728,-0.0241844854386934,-0.025246015369983943,-0.023653720473048125,-0.025776780335629218,-0.014413954676646407,-0.02652886807996148,-0.024734071896664062,-0.023380435600675147,2.0702530029446296,0.179756233978713,2.2500092369233426,1.8904967689659165,2.4297654709020557,1.7107405349872036,2.2111865777481023,2.877320652625849,2.103606545546448,1.363114580914481
1.134171257030137,-0.024372982331400308,0.0005286363472859261,-0.023844345984114383,-0.024901618678686233,-0.023315709636828455,-0.02543025502597216,-0.014297778638164683,-0.026421879676659845,-0.024405560594058132,-0.02331894006856611,2.041583194052532,0.19219135328412426,2.2337745473366564,1.8493918407684078,2.4259659006207803,1.6572004874842834,2.193364480848981,2.865716691933543,2.075667008161137,1.3595292988474308
1.1590319566978267,-0.024025309870392714,0.0005236095254294742,-0.02350170034496324,-0.02454891939582219,-0.022978090819533767,-0.025072528921251662,-0.014189665792676633,-0.026313080348654337,-0.02407414509422518,-0.0232564202848481,2.0124606909555873,0.2177394818456456,2.230200172801233,1.7947212091099418,2.4479396546468783,1.576981727264296,2.176779325824687,2.853916318373748,2.047480471886122,1.3558843013701734
1.184437595574292,-0.023678089815593013,0.0005104756067493032,-0.02316761420884371,-0.024188565422342316,-0.022657138602094406,-0.02469904102909162,-0.014087381744545165,-0.026202403166431645,-0.023740870977382672,-0.0231922563182737,1.9833760832995186,0.2592290452352452,2.242605128534764,1.7241470380642734,2.501834173770009,1.4649179928290281,2.1610883430638985,2.841912272772408,2.019135862208422,1.3521434455580452
1.2104001185663624,-0.023358864840754334,0.00048217695825627485,-0.02287668788249806,-0.023841041799010608,-0.022394510924241783,-0.024323218757266885,-0.013988957660508804,-0.026089777341032353,-0.023406873616064087,-0.023125817845484307,1.9566364609221267,0.29826799103893464,2.2549044519610613,1.6583684698831922,2.553172442999996,1.3601004788442574,2.145989501806893,2.8296968773599973,1.9907297413561664,1.3482699826106612
1.2369317324097062,-0.023081415522577056,0.0004632344265634109,-0.022618181096013646,-0.023544649949140465,-0.022154946669450233,-0.024007884375703878,-0.01389319404039054,-0.025975121216952588,-0.023073555314334006,-0.023056478539848293,1.933396142708696,0.3086822427582216,2.2420783854669177,1.6247138999504744,2.5507606282251394,1.3160316571922528,2.1312987915755675,2.817261275781733,1.9623813738007057,1.344227396742834
1.2640449114080374,-0.022814426836409066,0.0004816932529107008,-0.022332733583498365,-0.023296120089319767,-0.021851040330587664,-0.023777813342230468,-0.013799030353345015,-0.0258583509014672,-0.02274236747160701,-0.022983594634466212,1.9110320508929608,0.2936154862283698,2.2046475371213305,1.617416564664591,2.4982630233497005,1.323801078436221,2.1168535206157744,2.8045963690338445,1.9342141995207653,1.339978155375516
1.291752403298131,-0.022521512140905274,0.0005183220316316562,-0.022003190109273617,-0.02303983417253693,-0.021484868077641963,-0.023558156204168585,-0.013705415428960845,-0.025739380886510753,-0.022414728471603546,-0.022906571090472224,1.8864962878295655,0.2523266257628692,2.138822913592435,1.6341696620666963,2.391149539355304,1.381843036303827,2.1024924331197408,2.791692882912778,1.906348850545349,1.33548756684735
1.3200672352433942,-0.02219094624475311,0.0005352355939489419,-0.02165571065080417,-0.02272618183870205,-0.021120475056855225,-0.023261417432650994,-0.013611444302569898,-0.025618111031070822,-0.02209169290245274,-0.022825576813121164,1.858806702331376,0.19710276502841884,2.0559094673597946,1.6617039373029572,2.2530122323882136,1.4646011722745382,2.088076702112331,2.778539956125757,1.8788750184747949,1.33076547858888
1.3490027199588182,-0.021856119853016987,0.0005372834681555349,-0.021318836384861452,-0.022393403321172522,-0.020781552916705918,-0.022930686789328057,-0.0135162971511404,-0.02549443205744016,-0.021774092090354847,-0.022741241777166323,1.8307602398591551,0.15594126803875447,1.9867015078979096,1.6748189718204007,2.142642775936664,1.518877703781646,2.0734805618530068,2.765125736414217,1.8518634067195099,1.3258486190762766
1.3785724619701805,-0.021531244216069622,0.0005363163492857236,-0.020994927866783898,-0.022067560565355346,-0.020458611517498174,-0.02260387691464107,-0.013419162567896511,-0.02536823590225591,-0.02146274912520006,-0.022654181778584567,1.8035472943307633,0.12970031197702417,1.9332476063077875,1.6738469823537392,2.0629479182848116,1.544146670376715,2.0585795377050653,2.7514385032273663,1.8253840182004775,1.320772890141707
1.4087903640104542,-0.02121697814843518,0.000535005629744187,-0.020681972518690996,-0.021751983778179367,-0.020146966888946807,-0.022286989407923556,-0.0133196285225052,-0.02523945235970069,-0.02115834537397219,-0.02256502068428126,1.7772230508131017,0.11250476177130701,1.8897278125844088,1.6647182890417946,2.0022325743557157,1.5522135272704878,2.043310421759056,2.737470642043257,1.7994948024560127,1.3155746641646164
1.439670633556421,-0.02091264191920192,0.0005334906633483671,-0.020379151255853552,-0.021446132582550285,-0.019845660592505185,-0.021979623245898652,-0.01321767890366581,-0.025108048833484158,-0.020861421578458793,-0.022474392188493012,1.7517305721949443,0.10061923421198055,1.8523498064069248,1.6511113379829638,1.9529690406189055,1.5504921037709831,2.027670742445409,2.723218617468704,1.7742417490008426,1.3102908864726497
1.4712277895085677,-0.020618013416253834,0.0005321637277471243,-0.02008584968850671,-0.02115017714400096,-0.019553685960759584,-0.021682340871748085,-0.013113319390997158,-0.024973995561370706,-0.020572505060741684,-0.022382889130092818,1.7270512534341569,0.09208209704953094,1.8191333504836877,1.634969156384626,1.9112154475332188,1.542887059335095,2.01166137105151,2.7086792014920587,1.7496697060179738,1.3049561204642708
1.503476669017398,-0.02033292340643761,0.0005310084509692775,-0.01980191495546833,-0.020863931857406887,-0.019270906504499054,-0.021394940308376163,-0.013006907332011106,-0.024837294332274554,-0.020291936609718942,-0.022290571535229484,1.7031709188522364,0.08574363713749704,1.7889145559897335,1.6174272817147393,1.8746581931272304,1.5316836445772424,1.9953371268160451,2.693852588138932,1.7258076572412469,1.2995738657542888
1.5364324344593814,-0.020057181886828413,0.0005297489652043483,-0.019527432921624066,-0.02058693085203276,-0.018997683956419716,-0.02111667981723711,-0.01289912886750241,-0.02469797639751103,-0.02001988293153317,-0.022197000882069894,1.6800736530075318,0.08088054501998394,1.7609541980275156,1.5991931079875479,1.8418347430474997,1.5183125629675638,1.978803267827432,2.678742166926537,1.702669780851037,1.294118555859898
1.5701105805658109,-0.019790733540703966,0.0005286940378786704,-0.019262039502825297,-0.020319427578582634,-0.018733345464946625,-0.020848121616461306,-0.012790676424055219,-0.024556076829723054,-0.019756455742788732,-0.02210176673590896,1.6577548223394463,0.07710242699881412,1.7348572493382604,1.5806523953406322,1.8119596763370744,1.503549968341818,1.9621660164516557,2.663351741833224,1.6802655782258946,1.2885662618201257
1.6045269417079233,-0.019533039853259545,0.0005276663498594058,-0.01900537350340014,-0.02006070620311895,-0.01847770715354073,-0.020588372552978358,-0.012682269407252375,-0.024411658615513778,-0.019501299090720146,-0.022005021599438054,1.6361693185899866,0.07408564655548504,1.7102549651454717,1.5620836720345015,1.7843406117009566,1.4879980254790166,1.945535733793938,2.6476881443850706,1.6585647759611615,1.2829258747713812
1.6396976993417038,-0.019283366153952087,0.0005265802862498341,-0.018756785867702252,-0.019809946440201922,-0.01823020558145242,-0.020336526726451754,-0.012574640184915253,-0.024264799774124157,-0.019253803650879156,-0.021907217144538253,1.6152556026740508,0.07161583273819,1.6868714354122407,1.5436397699358608,1.7584872681504309,1.4720239371976707,1.929024769444168,2.6317598365478343,1.6375155516596578,1.2772237278640557
1.6756393896158832,-0.019041129675936543,0.0005256774362224153,-0.01851545223971413,-0.019566807112158958,-0.017989774803491714,-0.020092484548381372,-0.01246908556449583,-0.02411558356004002,-0.01901344188643248,-0.021808673501891526,1.5949648595972024,0.06958690438583771,1.66455176398304,1.5253779552113647,1.7341386683688778,1.455791050825527,1.9128320613965368,2.615575848101858,1.6170730388739925,1.2714784851986751
1.7123689111467004,-0.018805965308577435,0.0005246779069282938,-0.01828128740164914,-0.01933064321550573,-0.017756609494720847,-0.019855321122434023,-0.012368622768992704,-0.023964109292607814,-0.018779937188731496,-0.021709333653238665,1.575266506161734,0.06787846851365233,1.6431449746753863,1.5073880376480815,1.7110234431890385,1.4395095691344293,1.8974204696465307,2.599146951222037,1.5972137123323775,1.2656868225249207
1.749903532963079,-0.018577625061076988,0.000523761445111819,-0.018053863615965168,-0.019101386506188808,-0.01753010217085335,-0.019625147951300624,-0.012276410401188676,-0.0238104789406688,-0.018553068422084127,-0.021609095876423456,1.556139769618618,0.06645205081796757,1.6225918204365857,1.4896877188006505,1.6890438712545532,1.423235667982683,1.883274542691384,2.582484205447437,1.577918764679063,1.2598428092880023
1.7882609026259673,-0.01835594908500513,0.00052286736104387,-0.01783308172396126,-0.018878816446049003,-0.01731021436291739,-0.01940168380709287,-0.01219279620051435,-0.023654792309031118,-0.01833271711786276,-0.02150840007103688,1.5375712603931206,0.0652525973824825,1.602823857775603,1.4723186630106382,1.6680764551580856,1.4070660656281557,1.870447625832837,2.565598435606121,1.5591781202830917,1.2539720922960826
1.8274590545256464,-0.018140868419456734,0.0005219336756260589,-0.017618934743830677,-0.01866280209508279,-0.017097001068204616,-0.019184735770708852,-0.012115966508973123,-0.023497147394701382,-0.01811884525249576,-0.02140809877156495,1.51955520203068,0.0642333220595296,1.5837885240902096,1.4553218799711503,1.6480218461497391,1.3910885579116208,1.858661493121893,2.5485002704520263,1.54098854528008,1.2481243755926816
1.8675164183609196,-0.017932502853978797,0.0005211044471121755,-0.017411398406866622,-0.018453607301090972,-0.016890293959754447,-0.018974711748203147,-0.012043537870211351,-0.02333762964904954,-0.017911574907328247,-0.021308722230272078,1.5021016286060211,0.06337948231207581,1.565481110918097,1.4387221462939452,1.6288605932301727,1.3753426639818696,1.8475505081446695,2.531198978039514,1.523360422558772,1.2423305736827954
1.9084518278041533,-0.01773127674452114,0.0005201972593945833,-0.017211079485126558,-0.018251474003915722,-0.016690882225731972,-0.018771671263310308,-0.011972068880775136,-0.023176299478676776,-0.01771134672671868,-0.02121013692002328,1.4852460859527916,0.06264608168223892,1.5478921676350306,1.4226000042705527,1.6105382493172695,1.3599539225883137,1.8365867390950397,2.5137011100676867,1.5063312284538604,1.2365829017335084
1.9502845293562607,-0.01753766584300486,0.0005194016592086035,-0.017018264183796258,-0.018057067502213465,-0.016498862524587654,-0.01857646916142207,-0.0118986949057178,-0.02301321890749051,-0.01751862003248063,-0.021112076083139614,1.4690284250466925,0.062030402851343966,1.5310588278980364,1.4069980221953486,1.5930892307493805,1.3449676193440046,1.8253307338943527,2.4960133936486546,1.4899400277977575,1.2308658073706922
1.993034191395782,-0.017352025307002743,0.0005185429009555323,-0.01683348240604721,-0.017870568207958275,-0.016314939505091677,-0.018389111108913808,-0.011823510418946803,-0.02284847011232741,-0.01733376611333718,-0.02101407135490976,1.4534783953751675,0.06149897255063838,1.5149773679258058,1.3919794228245292,1.5764763404764444,1.3304804502738907,1.813796985403228,2.478144741680949,1.4742183983020285,1.225151984226832
2.03672091342632,-0.01717470510348904,0.0005177696033617029,-0.016656935500127337,-0.01769247470685074,-0.016139165896765634,-0.018210244310212443,-0.011747314197204848,-0.022682137864620738,-0.01715712714874991,-0.0209155999890384,1.438625311639364,0.061056734156545146,1.499682045795909,1.3775685774828188,1.5607387799524541,1.3165118433262737,1.802108030735991,2.4601043484730085,1.4591954419664626,1.2194109554062251
2.0813652355266683,-0.017005988787427102,0.0005169544867421885,-0.016489034300684914,-0.01752294327416929,-0.015972079813942726,-0.01803989776091148,-0.011670484901850629,-0.022514290327856377,-0.016988997585718264,-0.02081616581838888,1.4244929255919352,0.06068009564820909,1.4851730212401444,1.363812829943726,1.5458531168883534,1.303132734295517,1.7903219588024957,2.4418996070355377,1.44489620119564,1.2136137936181195
2.126988148008096,-0.0168460870492678,0.0005162064778708023,-0.016329880571396997,-0.017362293527138604,-0.015813674093526197,-0.017878500005009405,-0.01159305900155347,-0.022344990910869257,-0.016829581425868434,-0.02071528938771495,1.4110988855484548,0.060370762972503066,1.4714696485209577,1.3507281225759518,1.531840411493461,1.2903573596034486,1.7784443641140286,2.423537394689866,1.431338026111205,1.2077325459001225
2.173611101283305,-0.016694640996634917,0.0005154271863694009,-0.016179213810265516,-0.01721006818300432,-0.015663786623896114,-0.01772549536937372,-0.011513764828729492,-0.022174318399765792,-0.01667852826610993,-0.02061258318220852,1.3984131291786832,0.06010383810399791,1.4585169672826812,1.3383092910746852,1.518620805386679,1.2782054529706874,1.7662801652820388,2.4050262565759697,1.4184911153024626,1.201744619555749
2.2212560159517256,-0.016550966913749535,0.0005147107807686545,-0.01603625613298088,-0.01706567769451819,-0.015521545352212226,-0.017580388475286843,-0.011431198660195272,-0.022002353703826544,-0.01653515156480033,-0.02050771150899309,1.3863783855822127,0.059874614529675865,1.4462530001118885,1.326503771052537,1.5061276146415645,1.266629156522861,1.753614022801741,2.38637496811326,1.4062970791318792,1.195630443185112
2.269945293105862,-0.016413805484756062,0.0005139621970328911,-0.015899843287723172,-0.01692776768178895,-0.015385881090690279,-0.017441729878821845,-0.011347197376691823,-0.021829144341318465,-0.01639821403283163,-0.02040044194042121,1.3748891691827678,0.059670431229218765,1.4345596004119865,1.3152187379535492,1.4942300316412054,1.2555483067243303,1.7407277251295707,2.3675886831322925,1.394650687474904,1.1893764659065829
2.319701824863565,-0.016281697957783434,0.0005132723557067496,-0.015768425602076683,-0.016794970313490185,-0.015255153246369935,-0.017308242669196932,-0.011264774520400837,-0.021654720648282152,-0.016266271853526523,-0.02029060263825028,1.3638232888071977,0.05950433875747787,1.4233276275646756,1.3043189500497199,1.4828319663221534,1.244814611292242,1.7280835676017565,2.348670691879596,1.3834291452565635,1.1829726692920175
2.3705490051311617,-0.016153278331498405,0.0005125488951895988,-0.015640729436308808,-0.016665827226688003,-0.015128180541119208,-0.017178376121877604,-0.011186136921246988,-0.021479097753150114,-0.016137983028141952,-0.02017813355121848,1.353066322456295,0.05936950262482944,1.4124358250811246,1.2936968198314656,1.471805327705954,1.2343273172066362,1.7160200910849994,2.329622635184744,1.3725183169090545,1.1764155522624802
2.422510740602509,-0.016027402810837713,0.000511869379002393,-0.015515533431835319,-0.016539272189840106,-0.015003664052832927,-0.0170511415688425,-0.01111248977031279,-0.021302285374957874,-0.016012212928751837,-0.0200630501535369,1.342522461059719,0.05927496939551246,1.4017974304552314,1.2832474916642067,1.461072399850744,1.2239725222686941,1.704722179076234,2.3104455671741904,1.3618217035323157,1.1697060169877649
2.4756114619991463,-0.015903413801638788,0.0005111749948561303,-0.015392238806782657,-0.01641458879649492,-0.014881063811926528,-0.01692576379135105,-0.01104298583047545,-0.021124290978463998,-0.015888312284983653,-0.019945498879042216,1.332136621773173,0.059209716822652074,1.391346338595825,1.272926904950521,1.450556055418477,1.2137171881278688,1.6940598603499275,2.2911402974755424,1.3512840853707333,1.162852600780919
2.5298761355568278,-0.01578116462130343,0.0005104935596849995,-0.01527067106161843,-0.01629165818098843,-0.01476017750193343,-0.016802151740673427,-0.01097644919586523,-0.020945124096109685,-0.01576613208523679,-0.01982574441035018,1.321896517847203,0.05917186923984729,1.3810683870870504,1.2627246486073558,1.4402402563268977,1.2035527793675085,1.6838527439353725,2.2717078599772367,1.3408927891459357,1.1558707350367636
2.5853302747638387,-0.015661136460340407,0.0005098328366738546,-0.015151303623666552,-0.01617096929701426,-0.014641470786992699,-0.016680802133688118,-0.010911778214825989,-0.02076479793235595,-0.01564614707661314,-0.0197041991833957,1.3118424558164177,0.05915905320181061,1.3710015090182284,1.252683402614607,1.4301605622200388,1.1935243494127965,1.6739318299009014,2.252149686834926,1.3306881915947255,1.1487844653909822
2.6419999523566053,-0.015544512934475162,0.0005091594044404908,-0.015035353530034672,-0.016053672338915654,-0.01452619412559418,-0.016562831743356144,-0.010848464170325199,-0.02058332981616433,-0.015529532182049827,-0.019581444405125915,1.3020735802967858,0.0591683059175379,1.3612418862143236,1.242905274379248,1.4204101921318615,1.18373696846171,1.6642190780209527,2.2324676575475304,1.320770218665057,1.1416276770832556
2.69991181257825,-0.015432713367318296,0.0005085195404964643,-0.014924193826821832,-0.01594123290781476,-0.014415674286325368,-0.016449752448311226,-0.010785827393722898,-0.020400738875128662,-0.015417690009682709,-0.01945819505952877,1.2927087797850427,0.05920466065533923,1.3519134404403819,1.2335041191297036,1.4111181010957212,1.1742994584743642,1.654610223074238,2.212663846693604,1.3112581606892193,1.1344420547560656
2.759093083705852,-0.015326694257505007,0.0005078848264825222,-0.014818809431022486,-0.01583457908398753,-0.014310924604539962,-0.01634246391047005,-0.010721731464476435,-0.020217042675038845,-0.015311564334498729,-0.019335300592990556,1.283828174617395,0.059257701562351,1.343085876179746,1.224570473055044,1.402343577742097,1.165312771492693,1.6447775254130126,2.192740159458469,1.3022322847274992,1.1272771224120717
2.8195715908523,-0.015226777440077399,0.0005072554312195495,-0.014719522008857849,-0.015734032871296946,-0.0142122665776383,-0.016241288302516498,-0.01065465653703176,-0.02003224940230428,-0.015211469408554784,-0.019213615503113436,1.2754587230463978,0.059321515349498845,1.3347802383958967,1.216137207696899,1.3941017537453955,1.1568156923474002,1.6344878316685612,2.17269748373997,1.2937193175835786,1.1201826985474197
2.881375769048753,-0.015132738511955202,0.0005066582788111076,-0.014626080233144094,-0.01563939679076631,-0.014119421954332988,-0.016146055069577416,-0.01058422815912349,-0.019846351238361502,-0.015117179422662105,-0.019093878873253724,1.267581628129144,0.05939798091478471,1.3269796090439288,1.2081836472143594,1.3863775899587134,1.1487856662995748,1.6236836986310366,2.152534971536828,1.2857000544257775,1.1132018728340347
2.9445346766138716,-0.015044144264767122,0.0005060697221030379,-0.014538074542664084,-0.01555021398687016,-0.014032004820561047,-0.016056283708973197,-0.010511297915663744,-0.0196593093570083,-0.015028267133536978,-0.018976421483057046,1.2601606025160454,0.05949017571399753,1.319650778230043,1.2006704268020478,1.3791409539440405,1.1411802510880504,1.6124957645027735,2.1322484117597047,1.2781381586665774,1.1063539302230496
3.0090780088160964,-0.014959880281435915,0.0005054872196217832,-0.014454393061814131,-0.015465367501057698,-0.013948905842192348,-0.01597085472067948,-0.010436419811774334,-0.019471039703409736,-0.014943625542569334,-0.01886076697891233,1.2531022979600501,0.0596018611054451,1.3127041590654953,1.193500436854605,1.3723060201709403,1.13389857574916,1.601009016972219,2.1118286878224044,1.2709394812498995,1.099611098582071
3.075036111835402,-0.01487837508245372,0.0005049264997209388,-0.014373448582732781,-0.01538330158217466,-0.013868522083011842,-0.0158882280818956,-0.010360008817488747,-0.01928142581262142,-0.014861692181244838,-0.018746009223331906,1.2462750807484915,0.05973718073633388,1.3060122614848253,1.1865379000121576,1.3657494422211591,1.1268007192758238,1.5892871149163992,2.091263167938725,1.2639711358880477,1.0929205487319142
3.14243999703108,-0.014798342397100244,0.000504379467695341,-0.014293962929404902,-0.015302721864795586,-0.013789583461709562,-0.015807101332490928,-0.010283360464105447,-0.019090357476128497,-0.014781193542601441,-0.018631678287368118,1.2395712074526064,0.05990104301439806,1.2994722504670044,1.1796701644382084,1.3593732934814025,1.1197691214238104,1.5775288005599482,2.07053989889472,1.2571248121664502,1.0862548831077314
3.211321355522277,-0.014718928882318641,0.0005038360760913683,-0.014215092806227273,-0.015222764958410009,-0.013711256730135905,-0.015726601034501377,-0.010207385695932861,-0.01889777090590442,-0.014701282726151928,-0.01851700704188188,1.2329191984799543,0.06009707985431829,1.2930162783342727,1.172822118625636,1.353113358188591,1.1127250387713177,1.5658738181904717,2.049651962241943,1.2503284820981355,1.0795693769262555
3.2817125730881296,-0.014639716969346385,0.0005032993489506306,-0.014136417620395754,-0.015143016318297016,-0.013633118271445123,-0.015646315667247647,-0.010132808792908829,-0.018703635125187298,-0.014621543823763627,-0.0184015227006108,1.2262840765201537,0.060330193664578285,1.286614270184732,1.1659538828555753,1.3469444638493102,1.1056236891909972,1.5544332766683078,2.028595998241242,1.2435467731381424,1.0728364660368892
3.3536467453945114,-0.014560659982972814,0.0005027752436718907,-0.014057884739300924,-0.015063435226644705,-0.013555109495629034,-0.015566210470316595,-0.010060206407634208,-0.01850795124503184,-0.014541928934473309,-0.018285216221693452,1.2196619318618538,0.060605863716288254,1.280267795578142,1.1590560681455655,1.3408736592944304,1.0984502044292772,1.5432956379402047,2.0073721273975944,1.2367756113604225,1.0660556232855043
3.427157693554532,-0.014481946527041541,0.0005022620424494684,-0.013979684484592072,-0.01498420856949101,-0.013477422442142605,-0.015486470611940478,-0.009988930046038664,-0.01831077789375046,-0.014462618285634686,-0.018167864729724585,1.2130685627537965,0.06092550925652229,1.2739940720103187,1.1521430534972743,1.334919581266841,1.091217544240752,1.532361419149706,1.985986708536927,1.230030324909995,1.0592138547005678
3.5022799800301305,-0.014403900560624284,0.0005017582400582619,-0.013902142320566023,-0.014905658800682545,-0.01340038408050776,-0.015407417040740808,-0.009915049031098314,-0.018112200280945675,-0.014383917535585503,-0.018049815928477656,1.2065311053661634,0.06127958060757225,1.2678106859737357,1.145251524758591,1.3290902665813078,1.083971944151019,1.521027631008191,1.9644489834915102,1.2233369097038558,1.0523314319353343
3.5790489248822297,-0.014326845687042135,0.0005012663811165505,-0.013825579305925585,-0.014828112068158684,-0.013324312924809033,-0.015329378449275236,-0.009835534896449331,-0.017912350732340782,-0.014306132856920848,-0.017931211556505896,1.2000766660699724,0.061664863478154065,1.2617415295481265,1.1384118025918184,1.3234063930262805,1.0767469391136644,1.508829688720919,1.9427733043074005,1.2167214053960405,1.0454166185607603
3.6575006223770723,-0.014251001014099911,0.0005007890716468859,-0.013750211942453025,-0.014751790085746798,-0.01324942287080614,-0.015252579157393684,-0.009750793293892562,-0.017711441390641725,-0.01422947701484045,-0.017812111148628573,1.1937235982536567,0.06209194360705365,1.2558155418607104,1.131631654646603,1.317907485467764,1.0695397110395495,1.495829821692477,1.9209826799794514,1.210201907440815,1.038472885546404
3.7376719579565787,-0.014176439632309074,0.0005003295076069605,-0.013676110124702113,-0.014676769139916035,-0.013175780617095153,-0.015177098647522995,-0.009664569013863193,-0.017509759076169907,-0.014154027383896156,-0.017692378439943268,1.1874780242849186,0.06258252052414644,1.250060544809065,1.1248955037607722,1.3126430653332115,1.0623129832366256,1.482602503100596,1.8991082190356212,1.203784996461637,1.031492288443388
3.8196006255806823,-0.014103119870942205,0.000499896302267862,-0.013603223568674343,-0.014603016173210066,-0.01310332726640648,-0.01510291247547793,-0.009581933246906142,-0.017307636477518068,-0.014079745879410131,-0.0175709322839967,1.1813364536489075,0.06316193186264334,1.2444983855115508,1.1181745217862642,1.307660317374194,1.055012589923621,1.4699256838073178,1.8771860048759212,1.1974674333971052,1.0244117947864604
3.9033251454498137,-0.01403092778566113,0.0004995106965113474,-0.013531417089149783,-0.014530438482172477,-0.013031906392638435,-0.015029949178683825,-0.009506103152781048,-0.017105455511987538,-0.014006514151280982,-0.017446574371486497,1.1752893418900987,0.06384887537807006,1.2391382172681689,1.1114404665120285,1.3029870926462388,1.0475915911339586,1.4582928952992167,1.855257460245393,1.1912391526967918,1.0171615413399486
3.9888848821158356,-0.013959604183735473,0.0004992104589442673,-0.013460393724791206,-0.014458814642679741,-0.01296118326584694,-0.014958025101624008,-0.009438180477841849,-0.016903599023319556,-0.013934062969198574,-0.017318498583226764,1.1693149779386214,0.06465571246008439,1.2339706903987058,1.104659265478537,1.2986264028587902,1.0400035530184526,1.4478731520351669,1.8333641083707375,1.1850772566087608,1.0096945301421796
4.076320062989988,-0.013888780596250273,0.0004990513269698914,-0.013389729269280382,-0.014387831923220164,-0.01289067794231049,-0.014886883250190056,-0.00937591016408667,-0.016702457115494933,-0.013861997811741142,-0.017185176987302243,1.1633824972931972,0.06558796498978102,1.2289704622829782,1.0977945323034162,1.2945584272727593,1.0322065673136351,1.4383205146739086,1.8115482599241348,1.1789481915050997,1.0019216804630977
4.165671797256505,-0.013818258135194128,0.0004990902276640285,-0.0133191679075301,-0.014317348362858157,-0.012820077679866072,-0.014816438590522184,-0.00931934533353848,-0.016502430990216067,-0.013790094159294464,-0.017044890081662444,1.15747524026007,0.06666140028488164,1.2241366405449516,1.0908138399751885,1.2907980408298334,1.0241524396903068,1.429643132450458,1.789853429236491,1.172832862231074,0.9937427427454676
4.256982095200828,-0.013748240349233503,0.0004993551833842795,-0.013248885165849223,-0.014247595532617783,-0.012749529982464945,-0.014746950716002061,-0.009270493179008205,-0.016303868894111496,-0.013718531915884855,-0.01689663154680155,1.151610256929006,0.06789970023948659,1.2195099571684926,1.0837105566895195,1.2874096574079792,1.015810856450033,1.4221489207081084,1.7683173871321571,1.1667465694330512,0.9850990470476824
4.350293887961467,-0.013679311420870288,0.0004997987062844384,-0.01317951271458585,-0.014179110127154726,-0.012679714008301412,-0.014678908833439164,-0.009228586407777295,-0.016107040488041475,-0.01364785847222852,-0.01673938450861817,1.1458364808757944,0.06931903886523201,1.2151555197410264,1.0765174420105623,1.2844745586062585,1.0071984031453303,1.4157201721695354,1.7469693810241815,1.1607358681100788,0.9759313080793293
4.445651047714834,-0.013612194931414981,0.0005002353114318504,-0.01311195961998313,-0.014112430242846832,-0.01261172430855128,-0.014612665554278682,-0.009190461791901548,-0.015912144570921816,-0.01357876182322978,-0.016572510580525234,1.1402145223049212,0.07091970436366668,1.2111342266685878,1.0692948179412545,1.2820539310322545,0.9983751135775878,1.4098716288101727,1.7258309726401302,1.1548592714980717,0.9662023069416691
4.543098408302514,-0.01354763486914887,0.0005003117377691981,-0.013047323131379672,-0.014047946606918068,-0.012547011393610474,-0.014548258344687266,-0.00915178493625198,-0.0157193748740428,-0.013511962239166881,-0.016395428304902135,1.1348067007943106,0.07268396451190734,1.2074906653062178,1.0621227362824033,1.2801746298181254,0.9894387717704959,1.4039383685772688,1.704923174072977,1.149178037819219,0.9558781437803808
4.642681786310694,-0.013486358378563787,0.000499746235888859,-0.012986612142674927,-0.013986104614452646,-0.012486865906786068,-0.014485850850341505,-0.009110288386339023,-0.015528935619629085,-0.01344816197355833,-0.016208352906546146,1.1296739250154575,0.07461559982287184,1.2042895248383294,1.0550583251925856,1.278905124661201,0.9804427253697138,1.3975725504344485,1.684268135262288,1.1437518929894284,0.9449713665250388
4.744448002611617,-0.01342916887645051,0.0004989426883128634,-0.012930226188137646,-0.013928111564763373,-0.012431283499824784,-0.014427054253076235,-0.009070016760896893,-0.015341046598522328,-0.01338804838901125,-0.01601232359726701,1.1248834925274203,0.07684560257073897,1.2017290950981592,1.0480378899566813,1.278574697668898,0.9711922873859423,1.3913946430079729,1.663889694719607,1.1386392964684102,0.9335425627880686
4.848444904377241,-0.013376807642464924,0.0004983840757269649,-0.012878423566737959,-0.01387519171819189,-0.012380039491010995,-0.014373575793918854,-0.009033623840495986,-0.015155982157015696,-0.01333221056394291,-0.01581059934991812,1.1204974960223024,0.07953347457963414,1.2000309706019365,1.0409640214426683,1.2795644451815706,0.9614305468630342,1.3858117520581408,1.6438176080399676,1.133890348749912,0.9217817355912764
4.954721387575444,-0.013329737905018008,0.0004983538605926238,-0.012831384044425385,-0.013828091765610631,-0.01233303018383276,-0.014326445626203256,-0.008997770755022933,-0.0149740428040748,-0.013280942735955282,-0.015607173331422726,1.116554737454087,0.08281932480227287,1.1993740622563598,1.0337354126518141,1.2821933870586326,0.9509160878495412,1.3803116750045257,1.6240844684214837,1.1295300744294807,0.9099216925756346
5.063327419959293,-0.01328798093416524,0.0004989285221611824,-0.012789052412004058,-0.013786909456326421,-0.012290123889842875,-0.014285837978487604,-0.008958758101706142,-0.014795501870548412,-0.013234091386557439,-0.01540488893165082,1.1130569984918048,0.08683998181906205,1.199896980310867,1.0262170166727427,1.286736962129929,0.9393770348536807,1.3743269014075756,1.6047199213241043,1.1255454169225103,0.8981282076496028
5.174314064560281,-0.013250842160262611,0.0004999818746450791,-0.012750860285617532,-0.01375082403490769,-0.012250878410972454,-0.014250805909552768,-0.008916649966756262,-0.01462062806864122,-0.0131908250778701,-0.015206040695002343,1.1099460990697985,0.09172043876828699,1.2016665378380855,1.0182256603015114,1.2933869766063724,0.9265052215332245,1.367867262474061,1.585753111269708,1.1218656633204116,0.8865350562047749
5.287733503696496,-0.013216934531300718,0.000501206719502866,-0.012715727811797852,-0.013718141250803584,-0.012214521092294987,-0.01421934797030645,-0.0088735375118121,-0.014449721185252383,-0.013149668068312513,-0.015011531548926309,1.1071058538959617,0.09755354450072527,1.204659398396687,1.0095523093952365,1.3022129428974123,0.9119987648945111,1.3612535548660611,1.567216553141091,1.1183653033690792,0.8751948802702508
5.403639063507065,-0.013184626245358272,0.0005024287011785234,-0.012682197544179747,-0.013687054946536796,-0.012179768843001225,-0.014189483647715318,-0.00883055232491505,-0.014283081531388743,-0.013108884546761792,-0.014821853006107208,1.1043995763993517,0.10443633917964189,1.2088359155789936,0.9999632372197098,1.3132722547586355,0.8955268980400679,1.3546593709352106,1.5491428186657614,1.1148967081760612,0.8641363357752174
5.522085239024357,-0.013152607287959124,0.0005040310774413081,-0.012648576210517815,-0.013656638365400433,-0.012144545133076508,-0.01416066944284174,-0.008787600475006251,-0.014120984817880442,-0.013066891142231559,-0.014637855172520845,1.10171753427466,0.11256790293847765,1.2142854372131375,0.9891496313361823,1.3268533401516152,0.8765817283977047,1.3480703010970998,1.5315618114364138,1.1113252137206135,0.8534089851773952
5.6431277197957925,-0.013120105722010767,0.0005062235167855821,-0.012613882205225186,-0.013626329238796349,-0.012107658688439603,-0.014132552755581932,-0.008745195490432397,-0.013963652517726716,-0.013022659049153885,-0.014460797582710055,1.0989950668343471,0.12212266330017124,1.2211177301345184,0.9768724035341758,1.3432403934346895,0.8547497402340046,1.3415651236615662,1.5144975524113788,1.1075633211818454,0.8430862612361144
5.766823416067251,-0.013086950281966051,0.0005087311552749106,-0.01257821912669114,-0.013595681437240962,-0.01206948797141623,-0.014104412592515872,-0.008704958363217618,-0.013811269866619715,-0.012975955083922202,-0.014291769421878162,1.0962178281580814,0.13316117002751424,1.2293789981855956,0.9630566581305672,1.36254016821311,0.8298954881030529,1.3353925084688312,1.4979701322511785,1.103591198541675,0.833231665087852
5.89323048554044,-0.013053275419200169,0.0005109582372508607,-0.012542317181949309,-0.01356423365645103,-0.012031358944698447,-0.014075191893701891,-0.008666072329455932,-0.013664005761754928,-0.01292724278530054,-0.01413199692932195,1.0933970804567925,0.14555844984599559,1.2389555303027882,0.9478386306107969,1.3845139801487836,0.8022801807648013,1.3294271590664903,1.4819978695432203,1.0994482692796734,0.8239166883289872
6.022408360716732,-0.013018376926457617,0.0005116102040319352,-0.012506766722425683,-0.013529987130489552,-0.011995156518393746,-0.014041597334521488,-0.008625327167274658,-0.013522020375124708,-0.012877433999125514,-0.013982996226098873,1.0904738363780748,0.15859291292637437,1.2490667493044492,0.9318809234517005,1.4076596622308235,0.7732880105253261,1.3231766082811898,1.4665981365395049,1.0952120849158025,0.8152297230987918
6.154417776840416,-0.012978873375083298,0.0005075029448015499,-0.012471370430281748,-0.013486376319884847,-0.011963867485480197,-0.013993879264686399,-0.008581436391572612,-0.013385465945169804,-0.012828037615252544,-0.01384581801989727,1.087164853279716,0.17000395042539304,1.257168803705109,0.917160902854323,1.4271727541305022,0.7471569524289299,1.3164435016288871,1.4517874450191388,1.091010974929722,0.807232027236714
6.289320800454431,-0.01293103138953901,0.0004965160048390712,-0.012434515384699939,-0.01342754739437808,-0.011937999379860866,-0.013924063399217153,-0.008536319726931006,-0.01325449665809334,-0.012780827374756058,-0.013720259439009801,1.08315740797289,0.17716768322884574,1.2603250912017359,0.9059897247440443,1.4374927744305817,0.7288220415151986,1.3095223363049862,1.4375825180155082,1.086995794115979,0.7999117730169124
6.427180858582052,-0.012877174293878387,0.00048090547026036006,-0.012396268823618026,-0.013358079764138747,-0.011915363353357666,-0.013838985234399108,-0.0084924930127413,-0.013129263628497072,-0.012737594069672125,-0.013604554465272794,1.078646111821842,0.18008376489207928,1.2587298767139212,0.8985623469297628,1.4388136416060004,0.7184785820376834,1.3027990570705863,1.4239997454161593,1.083318847435298,0.7931659989227511
6.568062768548198,-0.012822985807405308,0.00046411465625335993,-0.012358871151151947,-0.013287100463658668,-0.011894756494898589,-0.013751215119912027,-0.008454173551950031,-0.013009897222951912,-0.012700042523141778,-0.013495903336418162,1.0741070569868474,0.18036224469982176,1.2544693016866693,0.8937448122870256,1.434831546386491,0.7133825675872039,1.2969206233395936,1.4110532667775086,1.0801251282851856,0.786831474600617
6.712032768454446,-0.012772826225131562,0.0004483166964820919,-0.01232450952864947,-0.013221142921613653,-0.011876192832167377,-0.013669459618095747,-0.00842156413250389,-0.012896457010550809,-0.012669641421131346,-0.01339194803439289,1.0699054800604635,0.17921954851843658,1.2491250285789,0.8906859315420269,1.4283445770973366,0.7114663830235903,1.2919181439919727,1.3987495429625258,1.0775395468472342,0.78077072404942
6.859158548322044,-0.012729607552093802,0.00043468660296646413,-0.012294920949127338,-0.013164294155060265,-0.011860234346160873,-0.01359898075802673,-0.008393029962830227,-0.012788922515665293,-0.012647718585202257,-0.013290763520999609,1.0662853027943655,0.17734169919722761,1.2436270019915932,0.8889436035971379,1.4209687011888208,0.7116019043999102,1.2875408322544926,1.38708635318484,1.0756750329350064,0.774871514645249
7.009509281917543,-0.012695613927594537,0.00042379688064886996,-0.012271817046945667,-0.013119410808243408,-0.011848020166296797,-0.013543207688892278,-0.008367362886688188,-0.012687205156493513,-0.01263555815187525,-0.01319038107258822,1.0634378542737462,0.1752394402307559,1.2386772945045021,0.8881984140429903,1.413916734735258,0.7129589738122344,1.283603349757252,1.3760540898634888,1.0746408009957509,0.769019066836556
7.163155659276072,-0.012672722671402986,0.0004157505759973502,-0.012256972095405636,-0.013088473247400336,-0.011841221519408286,-0.013504223823397686,-0.008343472313268907,-0.012591158817020087,-0.012634313133341513,-0.013090069518843185,1.0615203866739271,0.17352972171802117,1.2350501083919483,0.887990664955906,1.4085798301099695,0.7144609432378848,1.2799383933684956,1.3656369052575332,1.0745349134917508,0.7631707522936013
7.320169919937488,-0.012661966662580385,0.0004102237819798785,-0.012251742880600507,-0.013072190444560263,-0.011841519098620627,-0.013482414226540142,-0.008320555497557912,-0.01250059803709629,-0.012644991258328412,-0.012990710414193174,1.0606194182758573,0.17316638909758594,1.2337858073734431,0.8874530291782713,1.4069521964710292,0.7142866400806853,1.2764228172173524,1.3558146843618943,1.0754430766809924,0.7573779669662344
7.480625886911081,-0.012661787922113994,0.0004067952527207312,-0.012254992669393262,-0.013068583174834725,-0.011848197416672531,-0.013475378427555456,-0.00829640113153707,-0.012415300654115393,-0.012667762643770189,-0.012894081494182105,1.0606044462249478,0.17515800294485082,1.2357624491697985,0.8854464432800969,1.4109204521146494,0.7102884403352461,1.2727173934708884,1.3465633314234229,1.077379758828057,0.7517443555119934
7.644599001384733,-0.012667368120020357,0.00040687480630603723,-0.01226049331371432,-0.013074242926326394,-0.011853618507408282,-0.013481117732632431,-0.008267769195070537,-0.012335011421828102,-0.012701504699686391,-0.012802170708627655,1.0610718669989103,0.17952963681270911,1.2406015038116194,0.8815422301862013,1.4201311406243287,0.7020125933734921,1.2683250837245348,1.3378551624375703,1.080249484847374,0.7463858183969296
7.812166358194931,-0.012673542414255355,0.00041469916218652824,-0.012258843252068826,-0.013088241576441884,-0.011844144089882299,-0.013502940738628412,-0.008234239299740966,-0.012259463748726752,-0.012743909499503506,-0.012716306656504842,1.061589051772358,0.1851662949777413,1.2467553467500994,0.8764227567946168,1.4319216417278406,0.6912564618168755,1.2631813978888793,1.329661262893227,1.0838559680350413,0.7413798149407055
7.983406742074249,-0.01267641787458679,0.00043425039789442884,-0.012242167476692363,-0.013110668272481219,-0.011807917078797933,-0.013544918670375649,-0.00819569646809782,-0.012188362317337201,-0.012791766444233814,-0.012635980624201603,1.0618299123862953,0.19156817489891617,1.2533980872852115,0.8702617374873791,1.4449662621841277,0.6786935625884629,1.2572686977375591,1.3219496026613704,1.0879261503570272,0.7366966863741705
8.158400664693387,-0.012668902509121355,0.0004682394148572528,-0.012200663094264102,-0.013137141923978609,-0.011732423679406849,-0.013605381338835862,-0.008153166216039641,-0.01212137040493932,-0.012841377302189523,-0.012558709253430249,1.0612003938635812,0.20033702609601425,1.2615374199595955,0.860863367767567,1.4618744460556097,0.6605263416715528,1.2507443035231345,1.3146836608005892,1.0921455011360583,0.7321916491719278
8.337230402515127,-0.012620157461477615,0.0005244100753101009,-0.012095747386167513,-0.013144567536787716,-0.011571337310857414,-0.013668977612097816,-0.008109484599649962,-0.012058114678552341,-0.012888985874720942,-0.012480968163250703,1.0571173042888378,0.22009994586788428,1.277217250156722,0.8370173584209535,1.4973171960246063,0.6169174125530692,1.2440432831562749,1.3078229456211286,1.096194559666317,0.7276592266213032
8.519980035478065,-0.01246465412031271,0.0005881346674536605,-0.01187651945285905,-0.01305278878776637,-0.011288384785405389,-0.013640923455220031,-0.008066681304534905,-0.011998189527950195,-0.0129306955777195,-0.012399756032221574,1.0440916924197363,0.25581627305838006,1.2999079654781163,0.7882754193613563,1.5557242385364964,0.5324591463029762,1.2374770025091495,1.301323464643668,1.0997419256078058,0.7229244371655521
8.706735486528261,-0.012326185706530015,0.0006111889513727125,-0.011714996755157303,-0.012937374657902727,-0.01110380780378459,-0.01354856360927544,-0.008025094566934671,-0.011941137170033393,-0.01296242674362581,-0.012313515521751167,1.032492997494263,0.27059797038547995,1.3030909678797429,0.761895027108783,1.5736889382652228,0.49129705672330304,1.2310973490374373,1.2951355667197828,1.1024406275674834,0.7178964856211282
8.897584562017446,-0.012209836912777165,0.0006179727935388305,-0.011591864119238335,-0.012827809706315994,-0.010973891325699503,-0.013445782499854826,-0.007986258068965517,-0.011886438903195918,-0.012981445172121268,-0.012222304071990387,1.0227471346882953,0.2766522028171185,1.2993993375054138,0.7460949318711767,1.5760515403225321,0.46944272905405826,1.2251395987209839,1.2892029934807012,1.104058124712159,0.7125787208352712
9.092616992986676,-0.012105271363268558,0.0006180050153505108,-0.011487266347918048,-0.012723276378619069,-0.010869261332567538,-0.01334128139396958,-0.007951825479650761,-0.011833580153195872,-0.012988014177001916,-0.012127637701362411,1.0139882858264304,0.27974323083041686,1.2937315166568473,0.7342450549960136,1.5734747474872641,0.4545018241655967,1.2198574342464932,1.2834699342115046,1.1046168116005286,0.70705952896352
9.291924477354987,-0.012009442381677244,0.0006153309737697794,-0.011394111407907465,-0.012624773355447023,-0.010778780434137686,-0.013240104329216802,-0.007921157314656773,-0.011782159323149046,-0.012984910756309082,-0.012032216070831502,1.0059612485250515,0.2815936222453352,1.2875548707703868,0.7243676262797163,1.5691484930157218,0.44277400403438116,1.2151527549048313,1.277892831719874,1.1043528689666466,0.7014963043028314
9.49560072303278,-0.011921422617385463,0.0006122027892457733,-0.01130921982813969,-0.012533625406631237,-0.010697017038893917,-0.013145828195877009,-0.00789460279531832,-0.011731980769541284,-0.012976196307192033,-0.011939170012250776,0.9985883440081081,0.28280731723756464,1.2813956612456727,0.7157810267705436,1.5642029784832374,0.43297370953297887,1.211079133330672,1.2724504665130612,1.1036117143245787,0.6960715790618548
9.703741491980217,-0.01184115548215639,0.000609790773295476,-0.011231364708860915,-0.012450946255451865,-0.010621573935565438,-0.013060737028747342,-0.00787278765645865,-0.011683071509563152,-0.01296622009089454,-0.011851677280899494,0.9918648322076135,0.28360578602980435,1.2754706182374178,0.7082590461778091,1.559076404267222,0.42465326014800475,1.207732560976288,1.2671457688751688,1.1027632477238964,0.6909706211555992
9.916444645231406,-0.01176952763862061,0.0006085059580084718,-0.011161021680612138,-0.012378033596629081,-0.010552515722603666,-0.012986539554637553,-0.007856435775921797,-0.011635627192852653,-0.012958923142375048,-0.011773450775513113,0.9858649837032113,0.284047427730419,1.2699124114336304,0.7018175559727923,1.5539598391640492,0.41777012824237325,1.2052240850184293,1.2619999589631374,1.1021426500021687,0.686409898167911
10.13381018890548,-0.011708036518324064,0.0006081998477687627,-0.0110998366705553,-0.012316236366092827,-0.010491636822786539,-0.012924436213861589,-0.007845607218089102,-0.011589922386711665,-0.012957525379353569,-0.011708542474482275,0.9807142296398008,0.28411918274828857,1.2648334123880893,0.6965950468915123,1.5489525951363778,0.4124758641432237,1.2035629196912745,1.2570428163426026,1.1020237717417112,0.6826256465368179
10.35594032122622,-0.011658364678870232,0.0006087988786089932,-0.011049565800261238,-0.012267163557479225,-0.010440766921652245,-0.012875962436088219,-0.007837892379456585,-0.011546277765108312,-0.012964388911121536,-0.011660683270292354,0.9765535080970797,0.283772942303985,1.2603264504010647,0.6927805657930948,1.5440993927050497,0.4090076234891098,1.2023794174522011,1.2523091213075617,1.1026075078290398,0.6798353829088656
10.582939480572337,-0.011622144167643046,0.0006107083142965418,-0.011011435853346505,-0.012232852481939588,-0.010400727539049963,-0.01284356079623613,-0.007829396596111553,-0.011505051663394399,-0.012980833155395359,-0.01163277251134502,0.9735195262069708,0.2829577402454364,1.256477266452407,0.6905617859615344,1.5394350066978437,0.407604045716098,1.2010761136385415,1.2478377389051478,1.1040060733396238,0.6782081436591229
10.81491439458106,-0.011600290547654792,0.000614427058225457,-0.010985863489429336,-0.012214717605880249,-0.010371436431203878,-0.012829144664105707,-0.0078176027163012,-0.011466613847502603,-0.01300652506251898,-0.011625744047229939,0.9716889753662659,0.28168377913604764,1.2533727545023134,0.6900051962302183,1.535056533638361,0.4083214170941706,1.1992668621651428,1.2436687739431322,1.1061911427539368,0.6777983736240246
11.051974130327926,-0.01159276097894981,0.0006208604562466525,-0.010971900522703158,-0.012213621435196463,-0.010351040066456506,-0.012834481891443116,-0.007803250833781241,-0.011431303087988901,-0.013039634081837007,-0.011638245424257697,0.9710582671206546,0.28002837474228254,1.2510866418629372,0.691029892378372,1.5311150166052196,0.4110015176360895,1.1970651978262803,1.239838969471172,1.109007029682907,0.6785272227181601
11.294230145606631,-0.0115986993502416,0.0006307818121764949,-0.010967917538065105,-0.012229481162418095,-0.01033713572588861,-0.01286026297459459,-0.007788862756834836,-0.011399348262715273,-0.013077082860337708,-0.011667001023570893,0.9715556899991729,0.2781404189727954,1.2496961089719683,0.6934152710263775,1.5278365279447637,0.41527485205358206,1.194857981046624,1.236373149578905,1.1121920085212444,0.6802037174326393
11.541796341332862,-0.011617304029579556,0.0006444563647469276,-0.010972847664832629,-0.012261760394326483,-0.0103283913000857,-0.012906216759073412,-0.007777164159074831,-0.011370832625025553,-0.01311535500213948,-0.011708246385302504,0.9731140959484593,0.2762157647665434,1.2493298607150027,0.6968983311819159,1.5255456254815463,0.4206825664153725,1.1930633464077829,1.2332803439228128,1.1154470135338703,0.6826083840920505
11.794789115096798,-0.011648726170926622,0.0006612670002228389,-0.010987459170703782,-0.012309993171149461,-0.010326192170480943,-0.0129712601713723,-0.007765724641452851,-0.011345627306969466,-0.013151453319539395,-0.011758782593829219,0.9757461462582265,0.2745051964459702,1.2502513427041968,0.7012409498122563,1.524756539150167,0.4267357533662861,1.191308456206649,1.2305465754868514,1.1185171370898674,0.685554721101482
12.053327415889486,-0.011695564546596865,0.0006800383852847869,-0.011015526161312078,-0.012375602931881653,-0.010335487776027292,-0.013055641317166439,-0.007750335858222228,-0.011323390259790874,-0.013182540945254222,-0.011817487489760936,0.9796695249939462,0.2733319332932868,1.253001458287233,0.7063375917006594,1.5263333915805197,0.4330056584073726,1.188947725117175,1.2281347456678209,1.1211611066397429,0.6889773048797448
12.317532800028799,-0.011764510884575124,0.0006991464322966627,-0.01106536445227846,-0.012463657316871787,-0.0103662180199818,-0.013162803749168448,-0.007732453942004184,-0.01130354672650719,-0.013205478521805444,-0.011886665507031496,0.985444759349511,0.2731684328455432,1.2586131921950543,0.7122763265039678,1.5317816250405976,0.4391078936584246,1.1862045325643484,1.225982516331608,1.1231119231641595,0.6930104873931421
12.58752948831125,-0.011867078001829772,0.0007154432162141941,-0.011151634785615578,-0.012582521218043966,-0.010436191569401385,-0.01329796443425816,-0.007715768511565282,-0.011285225442007758,-0.013217672912326535,-0.011972902334708537,0.9940362111465171,0.2746803520843063,1.2687165632308233,0.7193558590622108,1.5433969153151297,0.4446755069779045,1.1836448880630217,1.223995390076769,1.1241490431267072,0.6980382242251706
12.863444424416638,-0.012015837330173272,0.0007249321957632913,-0.01129090513440998,-0.012740769525936564,-0.01056597293864669,-0.013465701721699854,-0.00770284147422001,-0.011267330228241024,-0.013218575699342035,-0.012086946985604453,1.006496916224589,0.2780129101600255,1.2845098263846144,0.7284840060645634,1.56252273654464,0.45047109590453793,1.181661803468325,1.2220544754475064,1.1242258242035543,0.7046871989990638
13.145407334592768,-0.012226977233472908,0.0007239988874905284,-0.011502978345982379,-0.012950976120963437,-0.010778979458491851,-0.013674975008453964,-0.007695712738631866,-0.011248666632448438,-0.013210224002977645,-0.012244139732423083,1.0241828798177708,0.2813428290537285,1.3055257088714993,0.7428400507640422,1.5868685379252279,0.4614972217103138,1.1805682129303752,1.2200302221147066,1.1235155212978318,0.7138517726991486
13.433550788648569,-0.012544899228528649,0.0007001675883531215,-0.011844731640175528,-0.01324506681688177,-0.011144564051822407,-0.013945234405234892,-0.007697161482838455,-0.011228108644882205,-0.013196014754748601,-0.012462326094308815,1.0508133591452533,0.2743658153806324,1.3251791745258856,0.7764475437646209,1.5995449899065182,0.5020817283839885,1.1807904589285112,1.2178005030772243,1.1223070398271386,0.7265723659473999
13.728010262284105,-0.013025693723745443,0.0004989156213582825,-0.01252677810238716,-0.013524609345103727,-0.012027862481028878,-0.014023524966462008,-0.007711382874410133,-0.011204843240842186,-0.013179416629518267,-0.01276037061751924,1.0910867219976517,0.17942952699353748,1.2705162489911892,0.9116571950041141,1.4499457759847267,0.7322276680105767,1.1829721051779714,1.2152771376877074,1.1208953869046354,0.7439488101800346
14.028924200786856,-0.011392804746163764,0.000941681764804348,-0.010451122981359416,-0.012334486510968112,-0.009509441216555068,-0.01327616827577246,-0.00774024005234027,-0.011178623241590743,-0.013163074050831829,-0.013155591466251402,0.9543090946619308,0.25257577288086996,1.2068848675428008,0.7017333217810608,1.4594606404236707,0.4491575489001909,1.1873989683076434,1.2124333169438062,1.1195054679442829,0.7669907804319767
14.33643408412419,-0.011310743249853058,0.0009244440336838334,-0.010386299216169225,-0.012235187283536892,-0.009461855182485391,-0.013159631317220725,-0.0077769621884950894,-0.011149817685188692,-0.013148015952453178,-0.013656542132797753,0.9474352796536255,0.2580116584588188,1.2054469381124444,0.6894236211948067,1.4634585965712632,0.4314119627359879,1.193032362916781,1.2093090667083202,1.118224792669902,0.7961969581760919
14.650684493462649,-0.011249124119042081,0.0009164109935344699,-0.010332713125507612,-0.01216553511257655,-0.009416302131973142,-0.01308194610611102,-0.007803638896030344,-0.011119251197191187,-0.013133243593345417,-0.014261264404867996,0.9422738028927884,0.2612223959646111,1.2034961988573996,0.6810514069281772,1.4647185948220107,0.4198290109635662,1.1971247288887676,1.20599382585717,1.1169684192170362,0.8314531766889275
14.971823179145368,-0.011197995072523451,0.0009120771094416989,-0.010285917963081752,-0.01211007218196515,-0.009373840853640054,-0.013022149291406849,-0.007803254297600972,-0.011088205109278172,-0.013116373901854104,-0.014956931641656802,0.9379910195763667,0.26314230047639564,1.2011333200527623,0.674848719099971,1.464275620529158,0.4117064186235754,1.197065729196877,1.2026265676060413,1.1155336698724585,0.8720116235086234
15.300001130159409,-0.011154974650169798,0.0009096873803753736,-0.010245287269794425,-0.01206466203054517,-0.00933559988941905,-0.012974349410920545,-0.007774112853017599,-0.01105829621820702,-0.013095143426608984,-0.01572115728407487,0.9343874486188188,0.264167039668993,1.1985544882878119,0.6702204089498258,1.4627215279568049,0.4060533692808328,1.1925952578679122,1.1993826497081208,1.113728040501068,0.9165671285505707
15.635372645125942,-0.013045195267248441,0.0004952266553442039,-0.012549968611904237,-0.013540421922592645,-0.012054741956560033,-0.014035648577936849,-0.007726735343809713,-0.01103133418985808,-0.013068682082243748,-0.016509805216393468,1.092720253049882,0.032904190843625794,1.125624443893508,1.0598160622062562,1.1585286347371337,1.0269118713626304,1.1853272655092746,1.1964583484989149,1.1114775312665504,0.9625464898470084
15.97809540484643,-0.01301119992794678,0.0004963079487867229,-0.012514891979160057,-0.013507507876733502,-0.012018584030373335,-0.014003815825520224,-0.007671942223739692,-0.01100929141256475,-0.013038068024572502,-0.017250954736510542,1.0898726608902236,0.03213765608452625,1.12201031697475,1.0577350048056973,1.154147973059276,1.0255973487211711,1.176921674235419,1.1940675891888624,1.10887383817582,1.005756622231376
16.328330546439027,-0.01297548145163935,0.0004970369626683381,-0.012478444488971011,-0.013472518414307688,-0.011981407526302673,-0.013969555376976027,-0.00762024968460883,-0.010993850959260058,-0.013004636485254418,-0.017887720508066772,1.086880731549986,0.032032049387683004,1.118912780937669,1.0548486821623029,1.150944830325352,1.02281663277462,1.168991730562079,1.1923929178442128,1.1060305212633832,1.0428810249867504
16.686242739100024,-0.012937910675936333,0.0004974794096744155,-0.012440431266261917,-0.01343539008561075,-0.011942951856587503,-0.013932869495285164,-0.0075774472627688355,-0.010986798003849782,-0.012968794675539262,-0.018399263424639108,1.08373364584583,0.032217636285805984,1.115951282131636,1.051516009560024,1.148168918417442,1.019298373274218,1.1624255838805544,1.191627954401262,1.1029822134135463,1.072704746847738
17.052000261525944,-0.012897279890403892,0.0004976927146690456,-0.012399587175734847,-0.013394972605072938,-0.011901894461065802,-0.013892665319741983,-0.007543717115449323,-0.010989936156949535,-0.012929669017295125,-0.01878540235980719,1.0803302408879838,0.032600436558649616,1.1129306774466334,1.0477298043293342,1.145531114005283,1.0151293677706845,1.157251178195818,1.19196831844159,1.0996546177339896,1.0952172278714536
17.425775081032732,-0.012851275673729658,0.0004977521068336088,-0.01235352356689605,-0.013349027780563266,-0.01185577146006244,-0.013846779887396875,-0.007520936125463402,-0.011003999095996208,-0.012885184239390324,-0.01905166360597973,1.076476734807332,0.03319934232954588,1.1096760771368779,1.0432773924777863,1.142875419466424,1.0100780501482403,1.1537564385206407,1.1934935846095112,1.095871234619043,1.1107406592218845
17.80774293440926,-0.012798740426634673,0.0004977368899312532,-0.01230100353670342,-0.013296477316565927,-0.011803266646772167,-0.01379421420649718,-0.007511568280648074,-0.011028378388498936,-0.012834329738077587,-0.019198892642661017,1.0720761622345478,0.03407029894711566,1.1061464611816634,1.0380058632874323,1.1402167601287791,1.0039355643403165,1.152319355278549,1.1961377623257663,1.0915461132933302,1.119324333626499
18.198083410542953,-0.012740823907071036,0.000497714249433538,-0.012243109657637499,-0.013238538156504574,-0.01174539540820396,-0.013736252405938112,-0.007515224184128726,-0.011061103782917107,-0.012778319702319886,-0.01923369505975926,1.067224831716542,0.03526648668053267,1.1024913183970746,1.0319583450360095,1.1377578050776074,0.9966918583554767,1.1528801926675452,1.1996871581364323,1.0867825192386011,1.1213533669177485
18.59698003485673,-0.012679899894979182,0.0004977134421890434,-0.01218218645279014,-0.013177613337168225,-0.011684473010601095,-0.01367532677935727,-0.007523812939089513,-0.011100673541665478,-0.012719547645681027,-0.01917143856047216,1.0621215810141962,0.036842692909347816,1.098964273923544,1.0252788881048485,1.1358069668328918,0.9884361951955005,1.154197758881322,1.2039788936044868,1.0817840182413834,1.117723719319032
19.004620355596696,-0.012618254148915625,0.0004977027276149435,-0.012120551421300682,-0.013115956876530568,-0.011622848693685739,-0.013613659604145512,-0.007523743244293158,-0.01114574492172382,-0.012660294312700033,-0.01903672048798749,1.0569578748482074,0.03885217555529395,1.0958100504035013,1.0181056992929134,1.1346622259587953,0.9792535237376194,1.154187067284068,1.2088673348411552,1.0767445852024153,1.1098694529549251
19.421196032011217,-0.012556426379617564,0.0004975893043705407,-0.012058837075247023,-0.013054015683988104,-0.011561247770876483,-0.013551604988358645,-0.0075086459825594466,-0.011194673284740319,-0.01260112395494519,-0.01885533546313118,1.0517789216528877,0.0413762563646172,1.0931551780175048,1.0104026652882705,1.134531434382122,0.9690264089236533,1.1518710573301572,1.2141741043943155,1.0717122091183058,1.0992944330381007
19.846902924462892,-0.01249362197155416,0.0004973651106889116,-0.011996256860865247,-0.012990987082243072,-0.011498891750176337,-0.013488352192931983,-0.007483150502324611,-0.011245856479583342,-0.01254134137461689,-0.018649964099770436,1.0465181610996142,0.04455847427876972,1.0910766353783838,1.0019596868208445,1.1356351096571535,0.9574012125420747,1.147959898668069,1.2197254329751397,1.066627764154546,1.0873209734892446
20.28194118651572,-0.012430332615319954,0.0004970137637174218,-0.011933318851602532,-0.012927346379037375,-0.01143630508788511,-0.013424360142754797,-0.007462274578088437,-0.01129828467964967,-0.012481533418843175,-0.01843670430173326,1.041216779254205,0.04855731167714677,1.0897740909313518,0.9926594675770584,1.1383314026084985,0.9441021558999115,1.1447574074361586,1.2254117948046817,1.061541161036104,1.0748876063273876
20.726515359040885,-0.012368415245991067,0.0004965265801440922,-0.011871888665846975,-0.012864941826135158,-0.011375362085702882,-0.013361468406279251,-0.0074664711579561045,-0.011351542639409174,-0.012423612109438336,-0.01822593178149963,1.0360303207846175,0.053511311293377134,1.0895416320779947,0.9825190094912404,1.1430529433713719,0.9290076981978632,1.1454011878062238,1.231188152358681,1.0566150151875884,1.0625992512046
21.180834466385114,-0.012310560336213775,0.0004957971586181876,-0.011814763177595588,-0.012806357494831963,-0.011318966018977401,-0.01330215465345015,-0.0075170427807500426,-0.011405692111041591,-0.01237023262683625,-0.01802706049590171,1.0311841509606412,0.059498139277310014,1.0906822902379512,0.9716860116833312,1.1501804295152613,0.9121878724060212,1.1531591762310156,1.2370612032776689,1.052075146884918,1.0510047559713331
21.645112114647223,-0.01225999449627975,0.0004946981791139856,-0.011765296317165764,-0.012754692675393735,-0.011270598138051778,-0.013249390854507721,-0.007623955637316229,-0.011460980881291308,-0.012324437792762056,-0.017850796681265713,1.026948544189226,0.06647000395679734,1.0934185481460235,0.9604785402324287,1.1598885521028208,0.8940085362756314,1.169560245800832,1.243057822508399,1.0481803448841331,1.040728310317301
22.119566592108754,-0.01222068761666916,0.0004931146060711874,-0.011727573010597972,-0.012713802222740347,-0.011234458404526785,-0.013206916828811534,-0.0077614171621097836,-0.011517695025256298,-0.01228972211917037,-0.017704771520995737,1.0236560351424262,0.07410772077922785,1.097763755921654,0.9495483143631983,1.171871476700882,0.8754405935839705,1.1906476631959182,1.2492090377519065,1.0452278137155642,1.0322148237191888
22.604420971866038,-0.012196893122418848,0.0004909894558283366,-0.011705903666590512,-0.012687882578247184,-0.011214914210762175,-0.013178872034075521,-0.007874170704965908,-0.011576063822865794,-0.01226959851782172,-0.017590338563851664,1.0216629085356002,0.08172972190903784,1.103392630444638,0.9399331866265623,1.1851223523536758,0.8582034647175245,1.2079447288624945,1.255539716706038,1.0435163227934934,1.0255432101066628
23.099903216711915,-0.012192240944374978,0.0004885279726669887,-0.011703712971707988,-0.012680768917041967,-0.011215184999041,-0.013169296889708955,-0.007939049295649649,-0.011636115665308248,-0.01226718645111798,-0.01750678216605346,1.0212732225964336,0.08847715769412925,1.1097503802905628,0.9327960649023044,1.198227537984692,0.8443189072081752,1.2178974914541192,1.2620529386786867,1.043311179082119,1.02067174637037
23.606246286316466,-0.012209719073087325,0.0004862870724180278,-0.011723432000669297,-0.012696006145505354,-0.01123714492825127,-0.01318229321792338,-0.00796408682238515,-0.011697523576849913,-0.012285511341092657,-0.01745465215272434,1.022737263941782,0.0935038799692895,1.1162411439110715,0.9292333839724924,1.209745023880361,0.835729504003203,1.2217383973192701,1.268713239886446,1.0448696915121871,1.0176324881424292
24.123688246757037,-0.012252211205396536,0.0004850304497360202,-0.011767180755660515,-0.012737241655132556,-0.011282150305924495,-0.013222272104868576,-0.007965801833981077,-0.011759439783361606,-0.012327910089271846,-0.017429623317860184,1.0262965831101292,0.09603824442335826,1.1223348275334875,0.9302583386867709,1.2183730719568457,0.8342200942634126,1.2220014903223124,1.2754286707593867,1.048475660014476,1.0161732694037653
24.65247238244929,-0.012323102797048386,0.0004854162154490494,-0.011837686581599336,-0.012808519012497436,-0.011352270366150288,-0.013293935227946484,-0.00795742122834353,-0.011820425398497938,-0.012398111063156844,-0.01741926669061346,1.0322347600696877,0.09537153108896614,1.127606291158654,0.9368632289807216,1.22297782224762,0.8414916978917555,1.2207158554556254,1.2820431697050618,1.0544461782851913,1.0155694624495144
25.1928473105315,-0.012426026170751147,0.00048742501791442005,-0.011938601152836728,-0.012913451188665567,-0.011451176134922306,-0.013400876206579988,-0.00794836365122288,-0.011878266785667902,-0.012499308020608927,-0.01740494784685304,1.0408560534005427,0.09093259532809898,1.1317886487286417,0.9499234580724437,1.2227212440567405,0.8589908627443447,1.2193263691275915,1.288316645730463,1.0630528720384465,1.014734652309745
25.745067097756355,-0.01256238688753053,0.0004901348440344189,-0.012072252043496112,-0.013052521731564948,-0.011582117199461693,-0.013542656575599367,-0.007942449774349767,-0.011930097830783564,-0.01263177608019361,-0.017364941808687025,1.0522781987876129,0.08287033025005401,1.1351485290376668,0.9694078685375589,1.2180188592877208,0.8865375382875048,1.2184191451590392,1.293938240142594,1.0743191398160443,1.0124022400792756
26.30939137994487,-0.012728039749418987,0.000492304025524939,-0.012235735723894048,-0.013220343774943926,-0.01174343169836911,-0.013712647800468864,-0.007932433774337711,-0.011972815942880032,-0.012790860874647748,-0.01728508728732519,1.0661539770686512,0.07262778214871222,1.1387817592173635,0.993526194919939,1.2114095413660757,0.9208984127712267,1.216882631045722,1.298571445969766,1.0878491326255086,1.0077466013102048
26.88608548405872,-0.012910913479020463,0.0004934238850398341,-0.012417489593980629,-0.013404337364060298,-0.011924065708940796,-0.013897761249100131,-0.007907340134743332,-0.012003530247077935,-0.012965561963134864,-0.017167544530513067,1.0814722474350595,0.06247612954568144,1.143948376980741,1.018996117889378,1.2064245065264225,0.9565199883436967,1.2130331171334963,1.3019027189638976,1.1027072746569124,1.0008936816970706
27.475420552948393,-0.013093134248838406,0.000493769240968586,-0.01259936500786982,-0.013586903489806991,-0.012105595766901234,-0.014080672730775578,-0.007864897082827227,-0.012019997573243152,-0.013139643027501273,-0.017025380854678696,1.0967358231521906,0.05413380645875983,1.1508696296109504,1.0426020166934309,1.2050034360697104,0.988468210234671,1.206522099940719,1.3036887649243167,1.1175126842953578,0.9926053254527313
28.077673672835687,-0.01325741576652172,0.0004937408802588567,-0.012763674886262863,-0.013751156646780576,-0.012269934006004006,-0.014244897527039432,-0.007810965492128143,-0.01202135651144521,-0.013296793357852884,-0.01687121539799582,1.110496731892669,0.04813611428317709,1.1586328461758462,1.062360617609492,1.2067689604590233,1.0142245033263149,1.1982486724084656,1.3038361553422808,1.1308781529874343,0.9836172473233528
28.6931280035908,-0.012209182405563797,0.0009275121472548028,-0.011281670258308995,-0.013136694552818599,-0.01035415811105419,-0.014064206700073403,-0.007763822440648422,-0.012008335308010343,-0.013426435984504364,-0.01671580095102715,1.022692310419807,0.2649412452160675,1.2876335556358744,0.7577510652037394,1.552574800851942,0.4928098199876719,1.1910166472630737,1.3024238758039208,1.141904120694865,0.9745563511806976
29.322072911864744,-0.012156943689757845,0.0009242017807161,-0.011232741909041744,-0.013081145470473945,-0.010308540128325645,-0.014005347251190044,-0.007747891890429348,-0.011982788206039024,-0.013521772101263709,-0.016566845371401132,1.018316576551124,0.27050987220943945,1.2888264487605634,0.7478067043416845,1.5593363209700029,0.47729683213224505,1.1885728058877685,1.2996530374894004,1.150012356171814,0.9658720167241177
29.964804107140246,-0.012106445987995488,0.0009223953846967669,-0.011184050603298721,-0.013028841372692255,-0.010261655218601954,-0.013951236757389022,-0.007780333375729866,-0.011947168989418814,-0.013575680123168513,-0.016424958136472788,1.014086677318666,0.27302927998811444,1.2871159573067805,0.7410573973305516,1.560145237294895,0.4680281173424372,1.1935495231362931,1.295789777764079,1.1545971761808358,0.9575997774006177
30.621623780764732,-0.012054983843123479,0.0009207072404311008,-0.011134276602692379,-0.01297569108355458,-0.010213569362261277,-0.013896398323985681,-0.007871684891759316,-0.011904188436057839,-0.013584926608614814,-0.01628968354233078,1.0097759922875102,0.2738364308084959,1.2836124230960062,0.7359395614790143,1.5574488539045022,0.46210313067051845,1.2075633902971588,1.291128107561111,1.155383579947648,0.9497130649863744
31.292840748030894,-0.012002909438268178,0.0009185598978197258,-0.011084349540448452,-0.012921469336087904,-0.010165789642628726,-0.01384002923390763,-0.00802826530254377,-0.011856529325071545,-0.013550347203606771,-0.01616127243922831,1.0054140217929965,0.2735752746776321,1.2789892964706286,0.7318387471153645,1.5525645711482607,0.45826347243773236,1.2315837587825564,1.2859590010649982,1.1524426382773914,0.9422265044286561
31.97877059337161,-0.01195234172899828,0.0009160177346998629,-0.011036323994298417,-0.012868359463698143,-0.010120306259598554,-0.013784377198398007,-0.008215318622375335,-0.011806635498161171,-0.013475568092924228,-0.016039006228975722,1.001178258438171,0.27247942318317847,1.2736576816213494,0.7286988352549926,1.546137104804528,0.45621941207181405,1.2602788531833258,1.280547517311713,1.1460827543343373,0.9350982003715816
32.67973581873751,-0.01190689837027128,0.0009141123273806787,-0.010992786042890602,-0.012821010697651958,-0.010078673715509922,-0.013735123025032638,-0.008348781861211177,-0.011756586778735536,-0.013369038792023705,-0.015926677463295347,0.9973717321708123,0.2703315106501544,1.2677032428209667,0.727040221520658,1.5380347534711212,0.45670871087050346,1.2807529096762844,1.2751192339184372,1.1370225504341032,0.9285492642880032
33.39606599522688,-0.011870465705345407,0.0009142279860462999,-0.010956237719299107,-0.012784693691391708,-0.010042009733252807,-0.013698921677438008,-0.008370239857482201,-0.011707919126928697,-0.013241205008506344,-0.01583135992855924,0.9943199793973578,0.26658770332603154,1.2609076827233894,0.7277322760713263,1.527495386049421,0.46114457274529475,1.2840446942284265,1.2698407410993489,1.126150422914115,0.922992108568806
34.12809791803944,-0.011845788716655451,0.0009172002636713218,-0.010928588452984129,-0.012762988980326774,-0.010011388189312808,-0.013680189243998095,-0.008294995377607188,-0.011661574456694565,-0.013102828351737475,-0.015754627417290824,0.9922529313560382,0.26082834424462376,1.253081275600662,0.7314245871114144,1.5139096198452857,0.4705962428667907,1.2725017424374903,1.2648141988284205,1.1143816352213336,0.9185184876865184
34.87617576482631,-0.01293061867991303,0.00049233336492389,-0.01243828531498914,-0.01342295204483692,-0.01194595195006525,-0.01391528540976081,-0.00816732558314654,-0.011617913322711133,-0.012964305296778826,-0.015692976749022806,1.0831228376841593,0.046415846992330444,1.1295386846764897,1.036706990691829,1.1759545316688202,0.9902911436994984,1.252916434849932,1.2600787128608724,1.1026003965179965,0.9149241609479342
35.640651257511315,-0.012795784145510636,0.0004921066315365743,-0.012303677513974062,-0.01328789077704721,-0.011811570882437488,-0.013779997408583784,-0.008027185508978825,-0.011576672365101976,-0.012832689640610854,-0.015642753323965253,1.071828531732147,0.048437073529541894,1.1202656052616888,1.0233914582026051,1.1687026787912307,0.9749543846730632,1.231418112012388,1.255605719188273,1.0914066247456795,0.9119960596854649
36.42188382765918,-0.01266975754401609,0.000491872880658118,-0.012177884663357971,-0.013161630424674208,-0.011686011782699852,-0.013653503305332326,-0.007906691567371206,-0.01153693671813608,-0.012709905501083241,-0.015598114390670112,1.0612720151714574,0.050795930861921315,1.1120679460333787,1.0104760843095362,1.1628638768953001,0.9596801534476148,1.2129336230321075,1.2512959914865176,1.0809639640839543,0.9093935426968884
37.220240785468555,-0.012551588465239589,0.0004916635610536994,-0.012059924904185889,-0.013043252026293289,-0.01156826134313219,-0.013534915587346989,-0.007833124647315023,-0.011497208934827936,-0.012594993998565228,-0.015551630592504563,1.0513736776595985,0.05345267043699398,1.1048263480965925,0.9979210072226046,1.1582790185335865,0.9444683367856106,1.2016480189183345,1.2469871166769697,1.0711908628386202,0.906683467310016
38.036097492469416,-0.012441335742899228,0.0004914758707447136,-0.011949859872154514,-0.012932811613643942,-0.011458384001409801,-0.013424287484388654,-0.007793838446499668,-0.011455571592496694,-0.012487857586185237,-0.015502306493395655,1.042138447355483,0.05619219661721869,1.0983306439727019,0.9859462507382644,1.1545228405899204,0.9297540541210457,1.1956212815043217,1.2424711311230805,1.062079024751851,0.9038077981037552
38.86983753800576,-0.012341460226126259,0.0004912943040208633,-0.011850165922105395,-0.012832754530147122,-0.011358871618084533,-0.013324048834167984,-0.007753955672616368,-0.011409835313368817,-0.012390596840076722,-0.015453773901053383,1.033772455300489,0.05856908121565861,1.0923415365161475,0.9752033740848304,1.1509106177318063,0.9166342928691718,1.1895030262251511,1.2375105749428377,1.0538071015928423,0.900978274933134
39.72185291958708,-0.012256072984225526,0.0004912015422271547,-0.011764871441998372,-0.01274727452645268,-0.011273669899771216,-0.013238476068679835,-0.007715252706106748,-0.011357893843505202,-0.012306964115461035,-0.015407888149135658,1.0266200618969765,0.060036978073729805,1.0866570399707063,0.9665830838232468,1.146694018044436,0.9065461057495169,1.1835657604306526,1.2318770038641225,1.0466942271879138,0.898303066542514
40.5925442271926,-0.012188856235640085,0.0004912994862590336,-0.011697556749381052,-0.012680155721899119,-0.011206257263122018,-0.013171455208158152,-0.007677153772237678,-0.011298143371381743,-0.012240320968676362,-0.015364508394981565,1.0209897052009846,0.060102570353549295,1.081092275554534,0.9608871348474354,1.1411948459080832,0.9007845644938861,1.1777211568442203,1.2253964685119627,1.041026298333427,0.8957739615928089
41.48232083161585,-0.012141349353616054,0.0004915885883914724,-0.011649760765224582,-0.012632937942007526,-0.01115817217683311,-0.013124526530398998,-0.007632693719854681,-0.011229694591174205,-0.01219203198170471,-0.015321501056203566,1.0170103295700779,0.058579757064313655,1.0755900866343915,0.9584305725057642,1.134169843698705,0.8998508154414505,1.1709007197552552,1.2179725147893776,1.036919371277673,0.8932665690199807
42.391601076937505,-0.012113113652729355,0.0004919773923016073,-0.011621136260427748,-0.012605091045030962,-0.01112915886812614,-0.01309706843733257,-0.007592908147847364,-0.011152331652214227,-0.012161752260446176,-0.015278563596928018,1.014645188873762,0.055695659721030605,1.0703408485947925,0.9589495291527314,1.1260365083158232,0.9032538694317007,1.16479737582334,1.2095817315359634,1.034344113143756,0.8907632505273076
43.32081247721715,-0.012101980607454828,0.0004923534240284073,-0.01160962718342642,-0.012594334031483235,-0.011117273759398014,-0.013086687455511642,-0.007550320020203629,-0.01106655519137717,-0.01214755637825262,-0.015237044436049497,1.0137126383215953,0.05194994338664852,1.065662581708244,0.9617626949349468,1.1176125250948923,0.9098127515482983,1.1582641031490597,1.200278417820063,1.0331367684401855,0.8883426209655894
44.27039191749657,-0.012104107417009449,0.0004926663135560168,-0.011611441103453432,-0.012596773730565466,-0.011118774789897416,-0.013089440044121482,-0.007498265017857992,-0.010973608445020057,-0.01214602308553178,-0.015201084641688775,1.0138907888074333,0.04795049413506683,1.0618412829425001,0.9659402946723665,1.109791777077567,0.9179898005372997,1.1502785554577095,1.1901974150391827,1.0330063635227391,0.8862461108381916
45.24078585920886,-0.012114103379600444,0.0004929430721577877,-0.011621160307442657,-0.012607046451758232,-0.011128217235284869,-0.01309998952391602,-0.007439704093097409,-0.010875290611870155,-0.012152277948437783,-0.015177509801380691,1.0147280925463305,0.04421639098697602,1.0589444835333064,0.9705117015593544,1.1031608745202826,0.9262953105723783,1.1412949604821463,1.1795338642615558,1.0335383329698051,0.8848716621702741
46.23245055009012,-0.01212375368675831,0.000493225619552397,-0.011630528067205912,-0.012616979306310706,-0.011137302447653515,-0.013110204925863104,-0.007376659446576674,-0.010773718062010069,-0.012158595859510863,-0.015171101371407132,1.0155364427368427,0.041080584037804985,1.0566170267746477,0.9744558586990377,1.0976976108124528,0.9333752746612327,1.1316235358583833,1.1685173069560804,1.03407566459652,0.8844980410587207
47.24585223869244,-0.012122590443283699,0.000493511039723168,-0.011629079403560531,-0.012616101483006866,-0.011135568363837363,-0.013109612522730034,-0.007302729104517468,-0.010671065360840826,-0.012154841184665288,-0.015179583445424156,1.0154390045860222,0.038655758379265985,1.0540947629652881,0.9767832462067563,1.092750521344554,0.9381274878274902,1.1202821806427667,1.1573835964550585,1.0337563334886235,0.8849925587386508
48.28146739359864,-0.012104937496066396,0.0004937690175084697,-0.011611168478557926,-0.012598706513574866,-0.011117399461049456,-0.013092475531083336,-0.007213345798601139,-0.010569271315629805,-0.012135348271357278,-0.0151924772391068,1.0139603197096987,0.03684854474589327,1.050808864455592,0.9771117749638054,1.0876574092014852,0.9402632302179121,1.1065702486469515,1.1463430157669876,1.0320984819145755,0.8857442863143169
49.33978292744245,-0.012069682705177293,0.0004939995054766327,-0.01157568319970066,-0.012563682210653926,-0.011081683694224027,-0.01305768171613056,-0.00711794617694762,-0.010469758262743252,-0.012098901920337414,-0.0152000823686775,1.011007230604296,0.035528349293189605,1.0465355798974858,0.9754788813111065,1.0820639291906753,0.9399505320179169,1.091935377950134,1.1355498314738135,1.0289987584688371,0.886187676813306
50.42129642583902,-0.012017608504549268,0.0004942187389285706,-0.011523389765620697,-0.012511827243477838,-0.011029171026692127,-0.013006045982406409,-0.007033653462178103,-0.010373205323996534,-0.01204621075118902,-0.015199960854054343,1.0066452772167154,0.034583339571978775,1.0412286167886942,0.9720619376447366,1.075811956360673,0.9374785980727578,1.0790043729843497,1.1250777011179205,1.0245174304943678,0.8861805923279077
51.52651638133351,-0.011949432951501516,0.000494416006249649,-0.011455016945251867,-0.012443848957751165,-0.010960600939002217,-0.012938264964000815,-0.00696950869367254,-0.010279676254730492,-0.01197793204803967,-0.015191542007823964,1.0009346070387695,0.03393139164641898,1.0348659986851885,0.9670032153923505,1.0687973903316075,0.9330718237459315,1.0691641830896177,1.114933539602664,1.0187103993081372,0.8856897609230909
52.65596243247779,-0.011866736224563535,0.000494587453808323,-0.011372148770755212,-0.01236132367837186,-0.01087756131694689,-0.012855911132180181,-0.006923319572540736,-0.010189363181262158,-0.011895575818080987,-0.015175730188901532,0.9940075824496523,0.03351319034588273,1.0275207727955349,0.9604943921037695,1.0610339631414176,0.9269812017578868,1.0620784965465553,1.105138184945643,1.011706089418063,0.8847679080845867
53.81016560814758,-0.011772460405386414,0.0004947637330668776,-0.011277696672319537,-0.01226722413845329,-0.010782932939252659,-0.01276198787152017,-0.006892368989234154,-0.010102617106037014,-0.011802041250776793,-0.01515993375459495,0.9861106445443726,0.033282856198607734,1.0193935007429804,0.9528277883457649,1.052676356941588,0.9195449321471572,1.057330492552074,1.0957297068670748,1.0037510738089066,0.883846952192339
54.989668577215156,-0.011669846150749088,0.0004949735593626902,-0.011174872591386397,-0.012164819710111779,-0.010679899032023708,-0.012659793269474468,-0.0068771574375164944,-0.010019909777232163,-0.011700553254219688,-0.015154395187294728,0.9775152443225502,0.033217167573934205,1.0107324118964844,0.944298076748616,1.0439495794704186,0.9110809091746818,1.0549969498332734,1.0867592711675031,0.9951196274888724,0.8835240453837041
56.19502590369439,-0.011562461255575564,0.0004952064499521219,-0.011067254805623442,-0.012057667705527686,-0.01057204835567132,-0.012552874155479808,-0.00687371319839963,-0.009941823969873276,-0.011594624231719248,-0.015166078118924795,0.9685202352464999,0.033303210757336055,1.001823446003836,0.9352170244891638,1.035126656761172,0.9019138137318278,1.0544685830195422,1.0782900856178792,0.9861104766290288,0.8842051778794696
57.42680430747892,-0.01145427507955653,0.0004954458474081129,-0.010958829232148417,-0.011949720926964643,-0.010463383384740304,-0.012445166774372756,-0.006867444445771332,-0.009868839946096138,-0.011488092412569787,-0.015196492852400746,0.9594581075271228,0.0335103371295637,0.9929684446566865,0.925947770397559,1.0264787817862502,0.8924374332679954,1.053506918994514,1.0703742394425833,0.9770500585543972,0.885978402612481
58.685582930795384,-0.01134880381697741,0.0004956817627599567,-0.010853122054217453,-0.011844485579737368,-0.010357440291457496,-0.012340167342497325,-0.006857879267218474,-0.009801105417097134,-0.011384352927892551,-0.015239867508599566,0.950623392340889,0.03381462095603035,0.9844380132969194,0.9168087713848586,1.0182526342529497,0.8829941504288283,1.0520395635806588,1.063027753395863,0.9682271255609792,0.8885072103437217
59.971953610497344,-0.011248568937274927,0.0004959003239097246,-0.010752668613365202,-0.01174446926118465,-0.010256768289455476,-0.012240369585094377,-0.006858497527187296,-0.009738270140975783,-0.01128583934942017,-0.015282241930688865,0.9422272985401386,0.034208080795595244,0.9764353793357339,0.9080192177445434,1.0106434601313292,0.8738111369489482,1.0521344083456998,1.0562126402462004,0.9598486503400168,0.8909777029211174
61.286521156327744,-0.011156051215853375,0.0004961049543930367,-0.010659946261460338,-0.011652156170246413,-0.010163841307067302,-0.012148261124639449,-0.0068815716124057385,-0.009679453921729041,-0.011194921639336854,-0.015302913559791624,0.9344776262744294,0.0346677729992841,0.9691453992737136,0.8998098532751453,1.0038131722729977,0.8651420802758613,1.0556741105768648,1.0498334339476907,0.952116195658216,0.8921828900067
62.629903635280805,-0.011074995813485155,0.0004962663378823778,-0.010578729475602778,-0.011571262151367532,-0.0100824631377204,-0.01206752848924991,-0.006926465081137952,-0.009623283076419775,-0.011115159574121158,-0.015287108526865746,0.9276880859132185,0.03510721871118472,0.9627953046244032,0.8925808672020338,0.9979025233355879,0.8574736484908491,1.062561036317658,1.0437411448686145,0.9453325167243534,0.8912614328020072
64.002732662197,-0.01101029871571163,0.0004963493292869475,-0.010513949386424684,-0.011506648044998577,-0.010017600057137735,-0.012002997374285526,-0.006966261280170175,-0.009568174247875469,-0.011051151761542744,-0.015235131505904357,0.922268785733928,0.03532969453160078,0.9575984802655287,0.8869390912023273,0.9929281747971296,0.8516093966707264,1.068666010498548,1.0377640421126804,0.9398887202452051,0.8882310942593447
65.40565369672818,-0.01096714176268898,0.0004963528264154304,-0.010470788936273548,-0.01146349458910441,-0.009974436109858119,-0.01195984741551984,-0.006972511857970933,-0.009512703750776098,-0.011007778232422072,-0.015156389350507862,0.9186537783950827,0.035106975414915566,0.9537607538099983,0.8835468029801671,0.9888677292249138,0.8484398275652515,1.0696248863966802,1.0317477127904355,0.9361998476591267,0.8836403081000612
66.83932634681128,-0.010949544363811297,0.000496283733500949,-0.010453260630310348,-0.011445828097312247,-0.009956976896809399,-0.011942111830813196,-0.006945733176659084,-0.009456202833859575,-0.010988975566108729,-0.015066165804135454,0.9171797464805955,0.03437845102501287,0.9515581975056084,0.8828012954555826,0.9859366485306212,0.8484228444305698,1.065516877039436,1.0256196241495557,0.934600700858886,0.8783801395684496
68.30442467879482,-0.0109589949194643,0.0004961699144809419,-0.010462825004983358,-0.011455164833945241,-0.009966655090502416,-0.011951334748426183,-0.006903657265526343,-0.009398877020390736,-0.010996401791928862,-0.014982442564466276,0.9179713646475185,0.0332864719768644,0.9512578366243829,0.8846848926706541,0.9845443086012473,0.8513984206937897,1.0590621814315764,1.0194020672404067,0.935232293477732,0.8734989486999972
69.80163753436304,-0.010995149893228905,0.0004960419074011032,-0.010499107985827802,-0.011491191800630008,-0.010003066078426699,-0.011987233708031111,-0.006873273056865161,-0.009341439404439494,-0.01103001820085392,-0.01491869850706743,0.9209998568449683,0.03207965749373045,0.9530795143386988,0.8889201993512379,0.9851591718324292,0.8568405418575075,1.0544010626842033,1.013172384235615,0.9380913333538977,0.8697825742247284
71.33166885440684,-0.011056099709807816,0.0004959337081931047,-0.010560166001614711,-0.011552033418000922,-0.010064232293421608,-0.012047967126194025,-0.0068647729954569485,-0.009284830472644666,-0.011088179476271366,-0.014881556224375524,0.9261052690393463,0.030954231565643014,0.9570595006049893,0.8951510374737033,0.9880137321706324,0.8641968059080603,1.0530971025901477,1.0070325803025786,0.9430378880569257,0.8676171232480869
72.89523800999397,-0.011137166077412424,0.0004958680923042604,-0.010641297985108164,-0.011633034169716684,-0.010145429892803903,-0.012128902262020945,-0.006870917810113085,-0.009230030298854566,-0.011166423865906423,-0.014872871798315387,0.9328957278947334,0.030021634046170417,0.9629173619409038,0.902874093848563,0.9929389959870742,0.8728524598023926,1.0540397537913764,1.0010889542368724,0.9496924902945293,0.8671108081395222
74.49308014059382,-0.011229970923393699,0.0004958381805457684,-0.010734132742847931,-0.011725809103939467,-0.010238294562302162,-0.012221647284485236,-0.006877902351126196,-0.009177958207905242,-0.011256574154291056,-0.014891506826353252,0.9406694509174555,0.02931728548768724,0.9699867364051427,0.9113521654297683,0.99930402189283,0.882034879942081,1.0551112240218847,0.9954412159970688,0.9573596765759111,0.868197258318125
76.12594649971653,-0.01132138036753918,0.000495816323658514,-0.010825564043880666,-0.011817196691197695,-0.010329747720222153,-0.012313013014856208,-0.006877690446109797,-0.00912950427445061,-0.011345729951676391,-0.014934597324879407,0.9483262892316027,0.0288294434165374,0.97715573264814,0.9194968458150653,1.0059851760646774,0.8906674023985278,1.0550787165290745,0.9901859030674047,0.9649422824540196,0.8707094992294183
77.79460480812752,-0.011397255586589194,0.0004957958433440566,-0.010901459743245138,-0.01189305142993325,-0.010405663899901081,-0.012388847273277307,-0.00687157697097104,-0.00908565550696078,-0.011419953541610996,-0.014997403325406283,0.9546819157179844,0.02851224393213569,0.9831941596501201,0.9261696717858487,1.0117064035822558,0.897657427853713,1.0541408729966455,0.9854300663724358,0.9712549199474624,0.8743711835773624
79.49983961480513,-0.011446923131252638,0.0004958007781893498,-0.01095112235306329,-0.011942723909441988,-0.010455321574873938,-0.012438524687631338,-0.006880321260731122,-0.009047438334860854,-0.011468704278805721,-0.015070797134912432,0.958842277511055,0.028339222379807457,0.9871814998908625,0.9305030551312475,1.01552072227067,0.9021638327514401,1.0554822991758717,0.9812850324329313,0.9754011183692788,0.8786501531224723
81.24245266581009,-0.01146825719579237,0.0004958622295907208,-0.010972394966201648,-0.01196411942538309,-0.010476532736610927,-0.012459981654973811,-0.0069197499875260585,-0.009015876400533923,-0.011489839704678208,-0.015149229247065604,0.9606293082089369,0.028288475839516918,0.9889177840484538,0.93234083236942,1.0172062598879708,0.904052356529903,1.0615309009248364,0.9778618254871252,0.9771986638924754,0.8832228632940835
83.02326328124043,-0.01146514619619734,0.0004959814345576163,-0.010969164761639724,-0.011961127630754957,-0.010473183327082108,-0.012457109065312572,-0.006957875387999598,-0.008991926656817816,-0.011487017450091702,-0.015227108843885798,0.9603687178386837,0.028285349392438867,0.9886540672311226,0.9320833684462448,1.0169394166235615,0.903798019053806,1.067379564646178,0.9752642366261252,0.9769586341373192,0.8877633609902976
84.84310874044927,-0.011442816228593822,0.0004961264531662521,-0.01094668977542757,-0.011938942681760075,-0.010450563322261318,-0.012435069134926327,-0.006963855640841665,-0.00897640820439839,-0.011465259118001283,-0.015303605907965097,0.9584982661244367,0.028258410720037958,0.9867566768444747,0.9302398554043987,1.0150150875645125,0.9019814446843608,1.0682969710840753,0.973581105498607,0.975108111101856,0.8922232549471335
86.70284467570627,-0.011404535377877978,0.0004962807489313917,-0.010908254628946585,-0.01190081612680937,-0.010411973880015194,-0.012397096875740761,-0.006942514790952361,-0.00896997037652823,-0.011427781168573192,-0.015375778517625395,0.9552917015599183,0.028218515591968623,0.9835102171518869,0.9270731859679496,1.0117287327438556,0.898854670375981,1.0650231574852702,0.9728828587798615,0.9719206513071255,0.8964310267034373
88.60334547448826,-0.011351216917061535,0.0004964287018340208,-0.010854788215227514,-0.011847645618895557,-0.010358359513393494,-0.012344074320729577,-0.006914832479333746,-0.008973045615453546,-0.011375522190888984,-0.015432169228595952,0.9508255237218718,0.028228584040406353,0.9790541077622782,0.9225969396814654,1.0072826918026845,0.8943683556410591,1.0607765258518784,0.9732163991497297,0.9674760807576686,0.89971869001583
90.54550469058799,-0.011285765068019663,0.0004965463111839537,-0.010789218756835708,-0.011782311379203617,-0.010292672445651754,-0.01227885769038757,-0.0068998974648250425,-0.008985799855853722,-0.01131138979494374,-0.015459742775250612,0.9453430024117325,0.028351254111895003,0.9736942565236275,0.9169917482998375,1.0020455106355226,0.8886404941879426,1.058485405589538,0.9745997238811644,0.9620216885954873,0.9013262692814366
92.53023546423377,-0.011212365583979447,0.0004966370589272616,-0.010715728525052185,-0.011709002642906708,-0.010219091466124923,-0.01220563970183397,-0.006905631787491581,-0.009008093515643,-0.011239568132197175,-0.015454825561072248,0.9391947538703312,0.028631459649388603,0.9678262135197199,0.9105632942209426,0.9964576731691085,0.881931834571554,1.0593650848723704,0.9770176939031406,0.9559133324583775,0.901039588294885
94.5584709514186,-0.011134791457754312,0.000496693324040199,-0.010638098133714113,-0.01163148478179451,-0.010141404809673914,-0.012128178105834709,-0.006922102058336894,-0.009039469439932847,-0.01116381566155148,-0.015425503019859826,0.9326968197955787,0.0290795284303758,0.9617763482259545,0.903617291365203,0.9908558766563303,0.8745377629348271,1.0618917226093432,0.980420726202984,0.9494706652842317,0.8993300400144857
96.6311647626398,-0.011055539478007241,0.0004967296712666888,-0.010558809806740552,-0.01155226914927393,-0.010062080135473864,-0.012048998820540618,-0.006941096086654258,-0.009079095920045733,-0.011086653738066513,-0.015385610074834867,0.9260583416747228,0.029716132275656868,0.9557744739503796,0.896342209399066,0.9854906062260366,0.866626077123409,1.064805519788182,0.9847186136694229,0.9429081256430405,0.8970042212843347
98.74929141125573,-0.010977045179663227,0.0004967855867300489,-0.010480259592933177,-0.011473830766393276,-0.00998347400620313,-0.011970616353123324,-0.006969559031558104,-0.009125667016346175,-0.01101058243030182,-0.015346430467934448,0.9194833301250845,0.03061510624614353,0.950098436371228,0.888868223878941,0.9807135426173716,0.8582531176327974,1.069171905221358,0.9897697141082655,0.9364383417105506,0.8947199912403522
100.91384677167028,-0.010903409368175484,0.0004968829699359702,-0.010406526398239514,-0.011400292338111455,-0.009909643428303545,-0.011897175308047424,-0.007006329211439002,-0.009177422034271871,-0.010939663637164304,-0.015314868060909195,0.9133152858057763,0.031808173528539194,0.9451234593343154,0.8815071122772371,0.9769316328628547,0.8496989387486978,1.074812670024494,0.99538306261246,0.9304067736747815,0.8928798554122739
103.12584854756078,-0.010839403418734654,0.0004969965680881304,-0.010342406850646524,-0.011336399986822784,-0.009845410282558392,-0.011833396554910915,-0.007040806000057423,-0.009232396314869313,-0.010878496191181652,-0.015290854560550154,0.9079538791087621,0.03323649286215146,0.9411903719709136,0.8747173862466107,0.9744268648330651,0.8414808933844592,1.080101614935666,1.001345572300001,0.9252045473579404,0.8914798322032428
105.386336750369,-0.010789196626199567,0.0004971076143154036,-0.010292089011884163,-0.011286304240514971,-0.00979498139756876,-0.011783411854830374,-0.007092331838040601,-0.009288569781914047,-0.01083114174737081,-0.015268296659270368,0.9037483476529394,0.03491353737562123,0.9386618850285606,0.8688348102773182,0.9735754224041819,0.8339212729016969,1.0880059856591442,1.0074381457324686,0.921177102205465,0.8901646726110742
107.69637418828138,-0.010755987178657937,0.0004972265166441944,-0.010258760662013743,-0.011253213695302132,-0.009761534145369549,-0.011750440211946326,-0.007182325321036434,-0.009344093724108545,-0.010800697295178142,-0.015242566747268742,0.900966585082283,0.03683916268274456,0.9378057477650276,0.8641274223995384,0.9746449104477721,0.8272882597167939,1.101811522456592,1.013460271708967,0.9185878338805553,0.8886645800202395
110.05704696592613,-0.010742725076935175,0.0004973454121369614,-0.010245379664798214,-0.011240070489072137,-0.009748034252661252,-0.011737415901209098,-0.00730800201731977,-0.009397335398066076,-0.010789873803155818,-0.01521174542080161,0.8998556958350478,0.03886219798579545,0.9387178938208433,0.8609934978492523,0.9775800918066386,0.8221312998634569,1.1210910769016802,1.0192348629051171,0.9176673073793405,0.8868676503039573
112.46946499502492,-0.010752368380057829,0.0004973945056352175,-0.010254973874422611,-0.011249762885693047,-0.009757579368787394,-0.011747157391328264,-0.007430308360717888,-0.00944647357005767,-0.010801128016283211,-0.015176403696625691,0.9006634593382035,0.04051724057692347,0.941180699915127,0.86014621876128,0.9816979404920504,0.8196289781843565,1.1398535991214525,1.0245643883367164,0.9186244662530862,0.8848071745984721
114.9347625162372,-0.010786129581956771,0.0004973335947246117,-0.010288795987232159,-0.011283463176681384,-0.009791462392507548,-0.011780796771405994,-0.007521304730613693,-0.009489337306526733,-0.010835255415119057,-0.015138538182046956,0.9034914391672906,0.041340692847129316,0.9448321320144198,0.8621507463201613,0.9861728248615492,0.8208100534730319,1.1538129847481748,1.0292133885812578,0.9215269652784588,0.8825995581144314
117.45409863244333,-0.010840863525884425,0.0004971507961866347,-0.010343712729697791,-0.01133801432207106,-0.009846561933511156,-0.011835165118257695,-0.007553677906546919,-0.009524466427599111,-0.010888965780014746,-0.015103693817980008,0.9080761838057401,0.04103515564553176,0.9491113394512718,0.8670410281602083,0.9901464950968035,0.8260058725146766,1.1587792229325231,1.033023492550469,0.9260949747687804,0.8805680792517802
120.02865785371718,-0.010908030568427606,0.0004968623807962623,-0.010411168187631345,-0.011404892949223868,-0.009914305806835081,-0.011901755330020131,-0.007502907033416021,-0.009551367650891337,-0.010953971251175719,-0.015078774087271063,0.9137023769152187,0.0396630820241065,0.9533654589393252,0.8740392948911122,0.9930285409634317,0.8343762128670057,1.1509906683181894,1.035941198844093,0.9316236210507942,0.8791152214495567
122.6596506542441,-0.010979540238027378,0.000496554865388094,-0.010482985372639284,-0.011476095103415473,-0.00998643050725119,-0.011972649968803567,-0.0073990033915164195,-0.00957005702535607,-0.011022827825992176,-0.015067630285101408,0.9196923266752469,0.03786294033846852,0.9575552670137154,0.8818293863367784,0.995418207352184,0.8439664459983098,1.1350512302179858,1.0379682481313053,0.9374797996085732,0.8784655210126733
125.34831404144724,-0.011049529525659784,0.0004963187265764918,-0.010553210799083291,-0.011545848252236276,-0.0100568920725068,-0.012042166978812767,-0.007278597297505228,-0.009581047063875026,-0.011090221424181722,-0.01507957488353537,0.925554922866848,0.03614110327264423,0.9616960261394922,0.8894138195942038,0.9978371294121365,0.8532727163215595,1.1165802175827104,1.0391602275519285,0.9432115535580139,0.8791619090768902
128.09591213758745,-0.01111394045188515,0.0004961989770475516,-0.010617741474837598,-0.011610139428932702,-0.010121542497790046,-0.012106338405980254,-0.007164799445862573,-0.009585038469644458,-0.01115240999338461,-0.015126730634601262,0.9309502521173703,0.03469235403871235,0.9656426061560826,0.896257898078658,1.0003349601947948,0.8615655440399456,1.0991229487225205,1.0395931353646095,0.9485006253202338,0.8819111603290796
130.90373677411299,-0.01117062757787871,0.0004961870519588316,-0.01067444052591988,-0.011666814629837543,-0.010178253473961047,-0.012163001681796374,-0.007070074231219069,-0.0095828350515572,-0.011207354051032384,-0.015212355350893507,0.935698603475197,0.03353579472042319,0.9692343981956202,0.9021628087547737,1.0027701929160433,0.8686270140343506,1.0845915360815896,1.0393541526703716,0.9531735590688548,0.8869032101462034
133.77310809903676,-0.011214648926142955,0.0004962603717984526,-0.010718388554344501,-0.011710909297941408,-0.01022212818254605,-0.01220716966973986,-0.007002987178975076,-0.009575331701997853,-0.011250208892764528,-0.015329457851789439,0.9393860161838186,0.03268826505279504,0.9720742812366137,0.9066977511310235,1.0047625462894088,0.8740094860782285,1.0742999823206396,1.0385403394844523,0.9568183178434202,0.8937304621768792
136.70537519762692,-0.01123682538651755,0.0004964017295782808,-0.01074042365693927,-0.01173322711609583,-0.010244021927360987,-0.012229628845674112,-0.006969733828866712,-0.009563526823880251,-0.011271960429884998,-0.015467539994284785,0.9412436094889274,0.0321987314092661,0.9734423408981935,0.9090448780796613,1.0056410723074596,0.8768461466703952,1.0691987201705715,1.037259982572611,0.9586682629739058,0.901780858885223
139.7019167267031,-0.011233552021671011,0.0004965928892088883,-0.010736959132462124,-0.011730144910879899,-0.010240366243253234,-0.012226737800088788,-0.006971851595790872,-0.009548190762258534,-0.011269007839713591,-0.015617211431722322,0.9409694187244231,0.03205833896058912,0.9730277576850122,0.908911079763834,1.0050860966456012,0.8768527408032448,1.0695235982420344,1.0355966335484044,0.958417148315679,0.9105069289295143
142.76414156283604,-0.011212957935140096,0.0004968191035598439,-0.010716138831580253,-0.01170977703869994,-0.010219319728020409,-0.012206596142259784,-0.00701955019710973,-0.009529791409931246,-0.011249233600993518,-0.015760693001595372,0.9392443716872285,0.0322099316524556,0.9714543033396841,0.907034440034773,1.0036642349921396,0.8748245083823173,1.0768408480447205,1.0336010400580724,0.9567353703141218,0.9188721203796175
145.89348946475545,-0.011187750042480743,0.0004970770301032801,-0.010690673012377463,-0.011684827072584022,-0.010193595982274182,-0.012181904102687303,-0.0071158742711367375,-0.0095090704876001,-0.011225039765523928,-0.015887324579432878,0.937132852903394,0.03258253105778809,0.9697153839611821,0.9045503218456059,1.0022979150189701,0.8719677907878178,1.091617535246854,1.0313536491183175,0.9546777103029302,0.9262549319363674
149.09143175027845,-0.011168720134882916,0.0004973224132923639,-0.010671397721590552,-0.01166604254817528,-0.010174075308298188,-0.012163364961467643,-0.007229543412718552,-0.009486965683816748,-0.011206844741626669,-0.01598737344108679,0.9355388280521125,0.033020114259498,0.9685589423116105,0.9025187137926145,1.0015790565711085,0.8694985995331165,1.109055059216392,1.0289561624160437,0.95313024284482,0.9320879311350824
152.3594719880746,-0.01115991402159825,0.0004975308839370365,-0.010662383137661213,-0.011657444905535285,-0.010164852253724176,-0.012154975789472323,-0.00734290199401394,-0.00946445118806094,-0.011198554405333686,-0.016061263293366924,0.934801191080057,0.0334369922923163,0.9682381833723733,0.9013641987877407,1.0016751756646896,0.8679272064954244,1.1264449413865536,1.0265142405282954,0.9524251585480022,0.936395820720414
155.69914670459568,-0.011159232405509865,0.0004977013560024211,-0.010661531049507443,-0.011656933761512287,-0.010163829693505023,-0.012154635117514707,-0.007447976230574832,-0.009442433963241351,-0.011198139142824918,-0.016119698257359014,0.9347440960585319,0.033824743984042935,0.9685688400425748,0.900919352074489,1.0023935840266178,0.867094608090446,1.1425639556864258,1.0241262526391792,0.9523898409126684,0.9398026670603741
159.11202610650037,-0.011165077531829808,0.0004978473190815947,-0.010667230212748213,-0.011662924850911404,-0.01016938289366662,-0.012160772169992997,-0.007552442663412462,-0.009421480336689847,-0.011204130292098676,-0.016177800403282788,0.9352337083472397,0.03424692553794753,0.9694806338851872,0.9009867828092922,1.0037275594231347,0.8667398572713447,1.1585897292716618,1.0218536226030115,0.952899381795394,0.9431901096060907
162.5997148189144,-0.011177219384383071,0.0004979596066849711,-0.0106792597776981,-0.011675178991068041,-0.010181300171013128,-0.012173138597753014,-0.0076440325042582994,-0.009401837419884788,-0.011216258500231242,-0.016240382244169856,0.936250760826922,0.03461684103617477,0.9708676018630968,0.9016339197907473,1.0054844428992715,0.8670170787545726,1.1726401568801605,1.019723152127202,0.9539308730160878,0.9468387251096945
166.16385263987343,-0.011192779837744242,0.0004980310052870289,-0.010694748832457213,-0.011690810843031271,-0.010196717827170184,-0.0121888418483183,-0.0077009642349238384,-0.00938363016153946,-0.011231592964734003,-0.016306052163124335,0.9375541696441958,0.03475875441544773,0.9723129240596435,0.9027954152287481,1.0070716784750913,0.8680366608133003,1.181373823768927,1.0177483931474065,0.9552350529358044,0.9506673802119004
169.8061153113024,-0.011206315110565981,0.000498070519332572,-0.01070824459123341,-0.011704385629898553,-0.010210174071900837,-0.012202456149231126,-0.007717981939310071,-0.00936670968690918,-0.011244775203171173,-0.016372846392151915,0.9386879408480661,0.03463673192580505,0.9733246727738711,0.904051208922261,1.007961404699676,0.869414476996456,1.1839844410746614,1.0159131987109462,0.9563561883144528,0.954561584283351
173.52821530689587,-0.011213984792863473,0.0004980893676787303,-0.010715895425184743,-0.011712074160542202,-0.010217806057506012,-0.012210163528220934,-0.007712013443093025,-0.009350689476861808,-0.011252104683912512,-0.01642849638669467,0.9393303855956712,0.03440638370221743,0.9737367692978885,0.9049240018934538,1.008143153000106,0.8705176181912363,1.1830688381731305,1.0141756469582754,0.9569795528670972,0.957806062713293
177.33190263726655,-0.011212981151611817,0.0004980747820274303,-0.010714906369584387,-0.011711055933639247,-0.010216831587556957,-0.012209130715666677,-0.007682253369642704,-0.009335670072580708,-0.011250780619764448,-0.01645113797340066,0.9392463163962447,0.03408487656778396,0.9733311929640286,0.9051614398284608,1.0074160695318126,0.8710765632606767,1.178503465487953,1.0125466425847045,0.9568669426175505,0.9591261012917481
181.21896567274402,-0.011203272202210027,0.0004980346741957682,-0.010705237528014258,-0.011701306876405795,-0.01020720285381849,-0.012199341550601563,-0.0076426055803098065,-0.009322427845215307,-0.011240833852831646,-0.016431359447156985,0.9384330540854988,0.03378944931455355,0.9722225034000523,0.9046436047709453,1.0060119527146059,0.8708541554563918,1.1724212582397,1.011110390793999,0.9560209806540578,0.9579729834468875
185.1912319842084,-0.01118843527223921,0.0004979843089212361,-0.010690450963317975,-0.011686419581160446,-0.010192466654396739,-0.012184403890081682,-0.007619578535499086,-0.009311735297367466,-0.011225917898183519,-0.01637480603226822,0.9371902506210771,0.03368787423259426,0.9708781248536713,0.9035023763884829,1.0045659990862656,0.8698145021558885,1.1688887722875163,1.009950677207311,0.9547523945529921,0.9546758342512088
189.25056920235485,-0.011172031600584992,0.0004979193800684954,-0.010674112220516497,-0.011669950980653487,-0.010176192840448002,-0.012167870360721983,-0.0076048432132718525,-0.009304133358284268,-0.011209489919717689,-0.016288699963203267,0.9358162103040305,0.03368010137787088,0.9694963116819014,0.9021361089261596,1.0031764130597722,0.8684560075482888,1.1666282860116406,1.0091261710030448,0.9533552124321023,0.9496557208430447
193.3988858957928,-0.01115564130796379,0.0004978167563160799,-0.010657824551647712,-0.01165345806427987,-0.01016000779533163,-0.01215127482059595,-0.007565902068129811,-0.009299895168298366,-0.011192946186471594,-0.016181303466591822,0.9344432906708867,0.03351417819094682,0.9679574688618335,0.9009291124799399,1.0014716470527802,0.8674149342889931,1.160654482195001,1.008666496977774,0.9519481854900907,0.943394343468794
197.63813246839302,-0.011141018829589911,0.0004976753165871072,-0.010643343513002805,-0.011638694146177018,-0.010145668196415696,-0.012136369462764127,-0.007498720920649875,-0.009299258824178902,-0.011178010524290235,-0.01606288854121661,0.933218450571403,0.033169901220070845,0.9663883517914738,0.9000485493513322,0.9995582530115447,0.8668786481312613,1.1503484936638984,1.008597479103676,0.9506779232842542,0.9364905751158986
201.97030207630408,-0.011131943926896128,0.0004975124864850917,-0.010634431440411036,-0.01162945641338122,-0.010136918953925943,-0.012126968899866312,-0.007425706846157161,-0.009302565822666722,-0.011168524017615627,-0.015944246962262952,0.932458298671427,0.032796676897355145,0.9652549755687821,0.8996616217740719,0.9980516524661374,0.8668649448767167,1.13914769935541,1.0089561561123794,0.9498711059668933,0.929573592518287
206.3974315650704,-0.011131229608828237,0.0004973593157661765,-0.01063387029306206,-0.011628588924594414,-0.010136510977295884,-0.01212594824036059,-0.007373143444978803,-0.009310019029523171,-0.011167406876009062,-0.015841780860797506,0.9323984643949818,0.03253365700625641,0.9649321214012382,0.8998648073887253,0.9974657784074946,0.8673311503824689,1.131084160252246,1.0097645308214591,0.9497760942597352,0.9235996646008371
210.92160242728974,-0.011140256436527201,0.0004972387826577613,-0.010643017653869439,-0.011637495219184963,-0.010145778871211679,-0.012134734001842723,-0.00734686223314986,-0.009321426019664144,-0.01117607112409373,-0.01577046300568051,0.9331545893318168,0.03237819069805425,0.9655327800298711,0.9007763986337626,0.9979109707279253,0.8683982079357083,1.1270524656793977,1.0110017328090446,0.950512979357316,0.9194417263207344
215.5449417812643,-0.011158114998235269,0.0004971614079031513,-0.010660953590332117,-0.01165527640613842,-0.010163792182428966,-0.012152437814041572,-0.007328083197987282,-0.009336382649409081,-0.011193570176456382,-0.01574008173228039,0.934650497340012,0.03221995357415735,0.9668704509141693,0.9024305437658547,0.9990904044883268,0.8702105901916973,1.124171649732208,1.0126239286573209,0.9520012551755772,0.9176704523604983
220.2696233711024,-0.0111799525315328,0.0004971378804900804,-0.01068281465104272,-0.01167709041202288,-0.01018567677055264,-0.01217422829251296,-0.00731324439472765,-0.009354176005725466,-0.011215148654292116,-0.015751448776451057,0.9364797006920518,0.03207753197152826,0.9685572326635801,0.9044021687205235,1.0006347646351084,0.8723246367489953,1.1218952888490492,1.014553795828975,0.9538364817976969,0.9183331681419993
225.09786858874259,-0.011201096444018978,0.0004971559736579084,-0.01070394047036107,-0.011698252417676887,-0.010206784496703161,-0.012195408391334796,-0.007307309754553138,-0.009373825969787409,-0.011236212153780045,-0.01579219493653419,0.9382508034566357,0.03200681002663778,0.9702576134832734,0.906243993429998,1.0022644235099112,0.8742371834033601,1.1209848796662796,1.0166850306501658,0.9556279100582776,0.9207087305940518
230.0319475183798,-0.011214914752680076,0.0004972028918310229,-0.010717711860849053,-0.011712117644511098,-0.01022050896901803,-0.012209320536342121,-0.007318184273638266,-0.009394282318917764,-0.011250243109731214,-0.015844347069747963,0.9394082829291573,0.0320930763862772,0.9715013593154346,0.9073152065428801,1.0035944357017117,0.875222130156603,1.1226530957235603,1.018903725984346,0.956821227960096,0.9237492784445561
235.07418000378533,-0.01121612833091984,0.0004972635607587483,-0.010718864770161093,-0.011713391891678589,-0.010221601209402345,-0.012210655452437337,-0.007355844441487264,-0.009414937795996219,-0.01125205427025027,-0.01588495086536211,0.939509937330957,0.03243416771779841,0.9719441050487554,0.9070757696131586,1.0043782727665538,0.8746416018953602,1.1284303899867625,1.02114401873293,0.9569752652386662,0.9261165408338213
240.22693673902265,-0.011206805884135623,0.0004973264172139042,-0.010709479466921717,-0.011704132301349528,-0.010212153049707814,-0.012201458718563431,-0.00741623800274799,-0.009435101160769097,-0.011243614462861276,-0.015899489893108718,0.9387290501000337,0.03301645625325458,0.9717455063532883,0.9057125938467792,1.004761962606543,0.8726961375935246,1.1376951223269085,1.0233309369878878,0.9562574685838812,0.9269641880313418
245.49264038306976,-0.011190961055790621,0.0004974131858555914,-0.01069354786993503,-0.011688374241646213,-0.010196134684079438,-0.012185787427501805,-0.007530104521892182,-0.009454278040478273,-0.011228978931875248,-0.01587624598546148,0.9374018208417526,0.03404121414354574,0.9714430349852984,0.9033606066982068,1.005484249128844,0.8693193925546612,1.155162925191203,1.0254108610869417,0.9550127322174478,0.9256090332355748
250.87376669887553,-0.011170431440365865,0.0004975282564265535,-0.010672903183939311,-0.01166795969679242,-0.010175374927512758,-0.012165487953218972,-0.007682321359233343,-0.0094724640099261,-0.011209942108147653,-0.015818252295419628,0.9356821741747321,0.035557095059977555,0.9712392692347096,0.9001250791147546,1.006796364294687,0.864567984054777,1.1785138954964844,1.0273833110732182,0.953393670577816,0.9222279138309901
256.3728457173829,-0.011147996769705314,0.0004975945618675701,-0.010650402207837743,-0.011645591331572884,-0.010152807645970173,-0.012143185893440454,-0.00777829913957528,-0.009489244623154263,-0.011188760251261785,-0.015741720725005678,0.9338029520934163,0.036844041962843965,0.9706469940562603,0.8969589101305724,1.0074910360191043,0.8601148681677284,1.1932374591828607,1.029203336144005,0.951592176146244,0.9177660081029152
261.9924629270674,-0.011128932951579426,0.0004976171352589807,-0.010631315816320446,-0.011626550086838406,-0.010133698681061464,-0.012124167222097387,-0.007830004153181117,-0.00950333709457517,-0.011170607972400631,-0.015668524022477055,0.9322060867541203,0.037759999725406716,0.969966086479527,0.8944460870287136,1.0077260862049338,0.8566860873033069,1.2011693165150297,1.0307318053928132,0.9500483441080564,0.9134985301912228
267.7352604895497,-0.011115074993122146,0.0004976678639945713,-0.010617407129127576,-0.011612742857116717,-0.010119739265133003,-0.012110410721111289,-0.007900910036144558,-0.009512474491856458,-0.011157617835614645,-0.01561194056070671,0.9310452860484221,0.03880414863418023,0.9698494346826023,0.8922411374142418,1.0086535833167825,0.8534369887800616,1.2120467016747158,1.0317228473712894,0.948943546770816,0.9101996292171304
273.6039384818546,-0.011103471477443458,0.0004977329316085651,-0.010605738545834893,-0.011601204409052024,-0.010108005614226328,-0.012098937340660589,-0.007978081356388713,-0.009514848065316727,-0.011146794292799776,-0.015568270831817969,0.9300733269225578,0.03989431594201077,0.9699676428645686,0.8901790109805471,1.0098619588065794,0.8502846950385363,1.2238852422653455,1.0319802851148512,0.9480230159497492,0.9076536183040101
279.601256165899,-0.011091188837980213,0.0004977270723233616,-0.010593461765656852,-0.011588915910303574,-0.01009573469333349,-0.012086642982626936,-0.00799230322021932,-0.009510291910418096,-0.011134779426777057,-0.015532700586069018,0.929044481540987,0.04022977885584939,0.9692742603968364,0.8888147026851375,1.0095040392526857,0.8485849238292882,1.2260669609621406,1.0314861246196925,0.9470011643551212,0.9055798194469132
285.7300332858084,-0.011076905266338598,0.000497646276656967,-0.010579258989681631,-0.011574551542995566,-0.010081612713024664,-0.012072197819652533,-0.007935124400180724,-0.009499582353572823,-0.011120228122034902,-0.015505410138850425,0.9278480296904067,0.039686220510017384,0.967534250200424,0.8881618091803893,1.0072204707104415,0.8484755886703719,1.217295389090497,1.0303245662373863,0.9457635913412752,0.9039887453044679
291.99315139366786,-0.011061586957434557,0.0004975252969103679,-0.010564061660524189,-0.011559112254344925,-0.01006653636361382,-0.012056637551255293,-0.007825487683906077,-0.009484586994687657,-0.011104284382856803,-0.015488469658972995,0.9265649039081545,0.038587087904601004,0.9651519918127555,0.8879778160035535,1.0037390797173564,0.8493907280989524,1.2004764632028182,1.0286981698271145,0.944407593257512,0.903001089833757
298.39355520433486,-0.011051150234768999,0.0004973909415397691,-0.01055375929322923,-0.011548541176308767,-0.01005636835168946,-0.012045932117848537,-0.007688223578887158,-0.009467427035294986,-0.011092948163155562,-0.0154858299881378,0.9256906802573401,0.037255148097822585,0.9629458283551627,0.8884355321595175,1.0002009764529853,0.8511803840616949,1.1794193311781007,1.0268370008767496,0.943443459811757,0.9028471930516044
304.9342539799486,-0.011051589959253707,0.0004972836134348986,-0.010554306345818807,-0.011548873572688606,-0.01005702273238391,-0.012046157186123504,-0.007575349422062473,-0.009449949860465044,-0.011092393771371464,-0.015494143625448096,0.925727513423909,0.03612058121645131,0.9618480946403604,0.8896069322074577,0.9979686758568116,0.8534863509910064,1.162103762609694,1.0249414267445938,0.9433963093793212,0.9033318906180506
311.6183229447874,-0.011064782029384065,0.0004972318107356091,-0.010567550218648455,-0.011562013840119675,-0.010070318407912848,-0.012059245650855283,-0.0075345856328575215,-0.009433461192726197,-0.011104695167005523,-0.015507530962323681,0.9268325365313276,0.035444133550618526,0.9622766700819461,0.8913884029807091,0.9977208036325647,0.8559442694300905,1.155850354327914,1.023153066077404,0.94444253001308,0.9041123925046022
318.4489047311392,-0.011087795457785385,0.0004972112381446,-0.010590584219640785,-0.011585006695929986,-0.010093372981496186,-0.012082217934074584,-0.007553456642602712,-0.009418708901710626,-0.011126902848499204,-0.015515437864371017,0.9287602377876952,0.03511591205307442,0.9638761498407696,0.8936443257346208,0.998992061893844,0.8585284136815464,1.158745279724393,1.021553032804793,0.946331269738051,0.9045733767931188
325.4292108568651,-0.011112124394559714,0.0004971973589890656,-0.010614927035570649,-0.01160932175354878,-0.010117729676581583,-0.012106519112537845,-0.007589223681305698,-0.009406268627228369,-0.01115052669906462,-0.015516084155166712,0.9307981315412079,0.03494859025617371,0.9657467217973816,0.8958495412850342,1.0006953120535553,0.8609009510288606,1.1642321566905025,1.0202037608123264,0.9483404531385052,0.9046110565191158
332.56252323535216,-0.011130434794141593,0.0004972102357056621,-0.01063322455843593,-0.011627645029847256,-0.010136014322730268,-0.012124855265552917,-0.0076407662477230714,-0.009397084859082607,-0.011168463759684413,-0.015518047270198506,0.9323318873842338,0.03503728484233787,0.9673691722265716,0.897294602541896,1.0024064570689095,0.862257317699558,1.1721390936555147,1.0192076894505524,0.9498659810938416,0.904725509079776
339.85219571856044,-0.011140780886715398,0.000497258772532563,-0.010643522114182836,-0.011638039659247961,-0.010146263341650273,-0.012135298431780524,-0.007704563679513644,-0.00939206881592058,-0.011178838934520489,-0.01553040491074936,0.9331985194785581,0.03539212162273342,0.9685906411012916,0.8978063978558247,1.003982762724025,0.8624142762330913,1.1819260000274818,1.0186636494809216,0.9507483786945092,0.905445978120998
347.30165567389673,-0.011141973544695158,0.0004973476428729915,-0.010644625901822167,-0.01163932118756815,-0.010147278258949175,-0.012136668830441141,-0.0077674818243271574,-0.009391551489336288,-0.011180446996493194,-0.015559453322242666,0.9332984215116628,0.03593110323142107,0.9692295247430838,0.8973673182802417,1.005160627974505,0.8614362150488206,1.1915780185352034,1.0186075402469863,0.9508851426574167,0.9071395442262328
354.9144055956511,-0.011136060423780203,0.0004974815834376315,-0.010638578840342573,-0.011633542007217834,-0.01014109725690494,-0.012131023590655467,-0.007832497128935186,-0.009395321100615911,-0.011175296246613611,-0.01560457470063088,0.932803113710581,0.036665327617177175,0.9694684413277582,0.8961377860934038,1.0061337689449354,0.8594724584762267,1.2015517538578488,1.019016392232474,0.9504470768506046,0.9097701884897706
362.69402475175605,-0.011126580481218527,0.0004976172962603224,-0.010628963184958205,-0.01162419777747885,-0.010131345888697883,-0.012121815073739172,-0.007875299767904903,-0.009402615202482515,-0.01116664188688489,-0.01565688815356819,0.9320090339729705,0.03730039661611697,0.9693094305890875,0.8947086373568536,1.0066098272052044,0.8574082407407366,1.2081179338483672,1.01980751041663,0.9497110327471948,0.9128201415229287
370.64417086664224,-0.011115468919842698,0.0004977038460330027,-0.010617765073809696,-0.011613172765875701,-0.010120061227776693,-0.012110876611908704,-0.007852677585255138,-0.009412026279358835,-0.011156063231949138,-0.015718429825625265,0.9310782830022389,0.037308935942581854,0.9683872189448208,0.893769347059657,1.0056961548874026,0.8564604111170753,1.2046475561653034,1.0208282356800702,0.9488113293801594,0.9164081136183857
378.7685818409816,-0.011103007971452387,0.0004977562124249034,-0.010605251759027483,-0.011600764183877291,-0.01010749554660258,-0.012098520396302194,-0.007791677864032583,-0.009421589682586934,-0.011143955151514732,-0.015784748167835615,0.930034501717302,0.03697120579237423,0.9670057075096762,0.8930632959249277,1.0039769133020504,0.8560920901325535,1.1952898352733246,1.021865482257446,0.9477815499988173,0.920274572772226
387.0710775091266,-0.011091087202232085,0.0004977871111223061,-0.01059330009110978,-0.01158887431335439,-0.010095512979987472,-0.012086661424476697,-0.00772577723206228,-0.009429146426524516,-0.011132287258092179,-0.01584190799390938,0.9290359681045731,0.0366067144393145,0.9656426825438876,0.8924292536652586,1.002249396983202,0.8558225392259441,1.1851802854553315,1.022685086596865,0.9467892080553247,0.923607076652583
395.555561435074,-0.011081344350254754,0.0004977791429766955,-0.010583565207278059,-0.011579123493231449,-0.010085786064301362,-0.012076902636208146,-0.007668469865763736,-0.009433581331214927,-0.011122642323432264,-0.015866637736535308,0.9282198659719493,0.03629476891296055,0.9645146348849098,0.8919250970589887,1.0008094037978703,0.8556303281460281,1.1763889938210694,1.023166096296174,0.9459689166060748,0.9250488578636521
404.22602274779166,-0.011076701296462167,0.0004977245720495744,-0.010578976724412593,-0.011574425868511741,-0.010081252152363019,-0.012072150440561315,-0.0076402981575019865,-0.009434781165672949,-0.01111791022975413,-0.015838198142130794,0.9278309443183274,0.03613548549990323,0.9639664298182306,0.8916954588184242,1.0001019153181339,0.8555599733185208,1.1720672858250298,1.023296230324335,0.9455664570645546,0.9233907867109074
413.08653801677883,-0.011077753025438744,0.0004976408358663081,-0.010580112189572437,-0.011575393861305051,-0.010082471353706128,-0.01207303469717136,-0.0076328375276111,-0.009433153576284473,-0.01111868127369429,-0.015778178571853686,0.9279190415472213,0.03603472270343696,0.9639537642506583,0.8918843188437843,0.9999884869540951,0.8558495961403474,1.1709227807224154,1.023119702002533,0.945632033532764,0.9198915554398447
422.14127316873663,-0.011080800002448923,0.0004975547875095135,-0.01058324521493941,-0.011578354789958436,-0.010085690427429897,-0.01207590957746795,-0.007624530825035166,-0.009428753633583708,-0.011121334318637386,-0.015719888186157355,0.9281742691173259,0.035872403947468066,0.964046673064794,0.8923018651698579,0.999919077012262,0.8564294612223898,1.1696484830259608,1.0226424842801214,0.9458576721874604,0.9164931382321044
431.3944854462515,-0.011082326065927106,0.0004975000367687486,-0.010584826029158357,-0.011579826102695855,-0.01008732599238961,-0.012077326139464602,-0.007611175498006555,-0.009421600631783643,-0.011122504656119744,-0.015687136231289926,0.9283020985929211,0.03566875169519128,0.9639708502881124,0.8926333468977299,0.9996396019833037,0.8569645952025385,1.1675996962405446,1.0218666698071646,0.945957208147357,0.9145836499746677
440.85052540941257,-0.011082544993906545,0.0004974959601888327,-0.010585049033717712,-0.011580040954095379,-0.01008755307352888,-0.01207753691428421,-0.007605185853500565,-0.009412364278096578,-0.011122507656286666,-0.01568717079401526,0.9283204369184266,0.03552612376899357,0.9638465606874201,0.892794313149433,0.9993726844564137,0.8572681893804395,1.166680849065412,1.0208648950183328,0.9459574633083674,0.9145856650335684
450.5138389813032,-0.01108343261516993,0.0004975374319670933,-0.010585895183202836,-0.011580970047137023,-0.010088357751235743,-0.012078507479104116,-0.007618096162786694,-0.009401556598612153,-0.011123316267072648,-0.015712996419100678,0.9283947877971729,0.035513222917636963,0.9639080107148098,0.892881564879536,0.9994212336324468,0.8573683419618989,1.16866136747611,1.0196926942559872,0.9460262347969155,0.9160913378412275
460.38896953833176,-0.01108580756726354,0.0004975870929428316,-0.010588220474320708,-0.01158339466020637,-0.010090633381377877,-0.012080981753149202,-0.0076390281032477836,-0.009389553236143834,-0.011125605322176213,-0.015741723285820783,0.9285937237425187,0.035540744794629875,0.9641344685371486,0.8930529789478888,0.9996752133317784,0.857512234153259,1.1718724519308692,1.018390809734305,0.9462209165023417,0.9177661574022896
470.4805600463768,-0.01108969201483504,0.0004976164073809878,-0.010592075607454052,-0.011587308422216027,-0.010094459200073064,-0.012084924829597015,-0.007664120677479718,-0.009376836081318026,-0.011129319834908615,-0.015751056548313547,0.9289191013582869,0.03558470689485848,0.9645038082531454,0.8933343944634284,1.000088515148004,0.85774968756857,1.1757218024101446,1.017011507303736,0.9465368318651676,0.9183103006513154
480.7933552437609,-0.01109704997087547,0.0004975741728572467,-0.010599475798018223,-0.011594624143732716,-0.010101901625160977,-0.012092198316589963,-0.00766419006634541,-0.009363609753932751,-0.01113617081982905,-0.015727725860069427,0.9295354346075573,0.03537318353333146,0.9649086181408887,0.8941622510742259,1.00028180167422,0.8587890675408943,1.1757324470758108,1.0155769800246477,0.947119500856439,0.9169500864161533
491.33220387207206,-0.011109514297317833,0.0004974493284824526,-0.010612064968835381,-0.011606963625800285,-0.010114615640352927,-0.012104412954282738,-0.007625750253645894,-0.009350103584180728,-0.01114769784630612,-0.01567700086663295,0.9305794988522981,0.03478648853179304,0.9653659873840911,0.8957930103205051,1.0001524759158842,0.861006521788712,1.169835550644602,1.014112101046463,0.9480998622158286,0.9139927429623786
502.10206095588467,-0.01112499477662521,0.0004972873532865755,-0.010627707423338633,-0.011622282129911786,-0.010130420070052059,-0.01211956948319836,-0.007572741615248182,-0.009336642921899747,-0.011162063194008606,-0.015613538990837604,0.9318762087075012,0.034088615644444806,0.965964824351946,0.8977875930630564,1.0000534399963907,0.8636989774186116,1.1617037094976592,1.012652157807937,0.9493216197809499,0.9102928200992512
513.1079901324513,-0.011138357930087326,0.0004971563095617392,-0.010641201620525587,-0.011635514239649066,-0.010144045310963848,-0.012132670549210805,-0.007545926382615461,-0.009323560055506962,-0.011174539983030408,-0.015554831466192125,0.9329955624721266,0.03364927951956922,0.9666448419916958,0.8993462829525574,1.000294121511265,0.8656970034329882,1.1575900929498888,1.0112331903060428,0.9503827574360564,0.90687008306302
524.3551660324604,-0.011144334121355176,0.0004970968008547801,-0.010647237320500396,-0.011641430922209957,-0.010150140519645617,-0.012138527723064736,-0.007564788853368204,-0.009311708298355405,-0.011180126265757831,-0.015512005695661902,0.9334961533104159,0.033637730312058495,0.9671338836224744,0.8998584229983574,1.0007716139345328,0.866220692686299,1.16048370841402,1.009947748894849,0.950857864849012,0.9043732761922806
535.8488767129795,-0.01114105594326458,0.000497100020800471,-0.010643955922464109,-0.01163815596406505,-0.010146855901663638,-0.012135255984865522,-0.007605506868504098,-0.009302062114743999,-0.011176900825451183,-0.01548734858864876,0.9332215593684078,0.033909673149907005,0.9671312325183148,0.8993118862185008,1.001040905668222,0.8654022130685938,1.1667300946807195,1.0089015239582833,0.9505835445765684,0.9029357297467469
547.5945261437298,-0.011130826872183214,0.0004971396381385494,-0.010633687234044665,-0.011627966510321764,-0.010136547595906115,-0.012125106148460314,-0.007649940473401972,-0.009295163909578085,-0.011167008792820388,-0.015474422319071608,0.932364729484952,0.03432446262194016,0.9666891921068921,0.8980402668630119,1.0010136547288322,0.8637158042410716,1.1735464745677973,1.0081533447246231,0.94974223770733,0.9021821087775576
559.5976367478545,-0.01111904774226113,0.0004972040050904591,-0.01062184373717067,-0.011616251747351588,-0.01012463973208021,-0.012113455752442048,-0.007717644122461929,-0.00929111859432814,-0.01115579321263327,-0.015461209569504369,0.9313780601737242,0.03500990095522417,0.9663879611289483,0.8963681592185,1.0013978620841726,0.8613582582632758,1.1839326179562246,1.0077145898904565,0.9487883645241236,0.9014117855938204
571.8638519983846,-0.011114339455660016,0.0004972761408205379,-0.010617063314839479,-0.011611615596480553,-0.01011978717401894,-0.012108891737301092,-0.007808348540665263,-0.009289459027617913,-0.011151666061158564,-0.015448039286104468,0.930983674346544,0.035918475436015895,0.96690214978256,0.8950651989105282,1.0028206252185758,0.8591467234745123,1.1978472164528204,1.007534593308795,0.9484373546745152,0.9006439382515466
584.3989390716166,-0.011123912961651616,0.0004973005263941985,-0.010626612435257417,-0.011621213488045814,-0.01012931190886322,-0.012118514014440012,-0.007872030749533404,-0.009289531226560637,-0.011161359838849133,-0.015441202885128524,0.9317855913493489,0.036464377816355226,0.9682499691657042,0.8953212135329937,1.0047143469820594,0.8588568357166384,1.2076164469415727,1.0075424240050903,0.9492618001716476,0.9002453657864973
597.2087915586515,-0.011150247734128895,0.0004972339991242327,-0.010653013735004662,-0.011647481733253128,-0.01015577973588043,-0.01214471573237736,-0.007869717252357975,-0.009290886099638676,-0.011187024170274323,-0.015441500878153101,0.9339915023116502,0.036125310969927216,0.9701168132815774,0.897866191341723,1.0062421242515045,0.8617408803717957,1.2072615426826978,1.0076893735197616,0.9514445243020964,0.9002627392282821
610.2994322363699,-0.011189493734457358,0.0004970713806240782,-0.010692422353833279,-0.011686565115081437,-0.010195350973209201,-0.012183636495705514,-0.007793555611228259,-0.009293138155218044,-0.011224849899712949,-0.015435138172809533,0.937278911854517,0.03493876072227155,0.9722176725767885,0.9023401511322454,1.0071564332990601,0.8674013904099739,1.1955778928875345,1.0079336314356986,0.9546615624173569,0.8998917839314685
623.6770158991458,-0.011233267034039285,0.0004968738375548405,-0.010736393196484445,-0.011730140871594125,-0.010239519358929604,-0.012227014709148967,-0.007675319514478664,-0.009296386610131168,-0.01126692786910951,-0.01542085740523339,0.9409455469654593,0.03351489610300423,0.9744604430684636,0.907430650862455,1.0079753391714679,0.8739157547594508,1.1774397707688615,1.0082859588091275,0.958240249024872,0.8990591936905438
637.3478322526338,-0.011275421578196072,0.0004967039412242558,-0.010778717636971816,-0.011772125519420328,-0.01028201369574756,-0.012268829460644583,-0.0075666879955518076,-0.009301325271696546,-0.01130758632687392,-0.01540484314704756,0.9444765883346792,0.032407012101473134,0.9768836004361523,0.9120695762332061,1.0092906125376255,0.8796625641317329,1.1607750481469266,1.0088216059718924,0.9616982076756906,0.8981255383383311
651.3183088709802,-0.0113121479711001,0.0004965940686372369,-0.010815553902462863,-0.011808742039737335,-0.010318959833825626,-0.012305336108374573,-0.007525282787282663,-0.009309013990484708,-0.011343348079952674,-0.01538910374415875,0.9475529449951621,0.03191122837182447,0.9794641733669865,0.9156417166233376,1.011375401738811,0.8837304882515131,1.1544232423568102,1.009655524301718,0.9647397067936272,0.8972079074635665
665.5950142188631,-0.011345516188619904,0.000496535280564381,-0.010848980908055524,-0.011842051469184284,-0.010352445627491142,-0.012338586749748666,-0.007551690754706897,-0.009320146919534941,-0.011376216976834445,-0.015379719526466305,0.9503480068049003,0.03188786332813253,0.9822358701330328,0.9184601434767677,1.0141237334611652,0.8865722801486352,1.158474381993643,1.0108630016273206,0.96753517156442,0.8966607934497165
680.1846607397697,-0.011373818504073438,0.0004965144738452516,-0.010877304030228187,-0.01187033297791869,-0.010380789556382934,-0.012366847451763942,-0.00759898411998736,-0.009334711126548184,-0.011404329607870847,-0.015384744107072457,0.9527187274166437,0.03204491767432528,0.9847636450909689,0.9206738097423184,1.0168085627652943,0.8886288920679931,1.1657294661721809,1.0124426353117286,0.9699261209765419,0.8969537340605848
695.0941080119702,-0.011393232231628655,0.0004965444942945048,-0.01089668773733415,-0.01188977672592316,-0.010400143243039646,-0.012386321220217664,-0.007674811383144193,-0.009352176609357405,-0.01142398081326996,-0.015405071182197553,0.9543449026368827,0.03246996339287656,0.9868148660297592,0.9218749392440061,1.0192848294226358,0.8894049758511295,1.1773618203928735,1.014336941327484,0.9715974351248212,0.8981388331307476
710.3303659736686,-0.011405881407869784,0.000496612396587547,-0.010909269011282238,-0.01190249380445733,-0.01041265661469469,-0.012399106201044879,-0.007774363397190401,-0.009371776203537477,-0.011437202199433715,-0.015433679896594235,0.9554044506758286,0.03316232701635005,0.9885667776921786,0.9222421236594786,1.0217291047085286,0.8890797966431285,1.1926336928376662,1.016462713032007,0.9727218999760382,0.8998067642335457
725.9005982188477,-0.01141673362996869,0.0004966802817256916,-0.010920053348243,-0.011913413911694381,-0.010423373066517307,-0.012410094193420073,-0.00786952657201349,-0.009392626609700338,-0.011448669572509458,-0.015458779718639348,0.9563134783013362,0.033914025274589324,0.9902275035759255,0.9223994530267469,1.024141528850515,0.8884854277521576,1.2072322911810924,1.0187241477862985,0.9736971878770008,0.9012701216316886
741.8121253653587,-0.011430237146829387,0.00049671995506609,-0.010933517191763296,-0.011926957101895477,-0.010436797236697206,-0.012423677056961567,-0.00793416378196841,-0.009413816889079652,-0.011462571998376817,-0.01547905774010815,0.9574445894927592,0.034441903645024266,0.9918864931377835,0.9230026858477349,1.0263283967828079,0.8885607822027107,1.2171480245298987,1.021022445184787,0.9748795744316988,0.9024523607998682
758.0724284968401,-0.011449445619210592,0.0004967023007514335,-0.010952743318459158,-0.011946147919962026,-0.010456041017707725,-0.012442850220713458,-0.007920755047184003,-0.009434271303091052,-0.011481636468972647,-0.015501106457299211,0.9590535716790043,0.03424041669155182,0.9932939883705562,0.9248131549874524,1.027534405062108,0.8905727382959007,1.2150910446763472,1.0232409306359926,0.9765009874081112,0.9037378341933892
774.6891526800764,-0.011474958211284308,0.0004966458780854819,-0.010978312333198827,-0.01197160408936979,-0.010481666455113343,-0.012468249967455273,-0.007853554018130676,-0.009452842985981959,-0.011506578536263554,-0.015525432370829043,0.9611906133633662,0.033553130011490274,0.9947437433748565,0.9276374833518759,1.0282968733863467,0.8940843533403856,1.2047820061933605,1.0252552150967906,0.9786222837410328,0.9051560715604304
791.6701105594635,-0.0115041035992996,0.0004965682319190284,-0.011007535367380571,-0.012000671831218628,-0.010510967135461543,-0.012497240063137656,-0.0077648026681779265,-0.009468816265448755,-0.011534940901716135,-0.01554402153352686,0.9636319532678185,0.032749678771028516,0.996381632038847,0.93088227449679,1.0291313108098754,0.8981325957257614,1.191167020009832,1.026987676759363,0.9810344728000155,0.9062398477206852
809.0232860302594,-0.011532004000212403,0.0004964816396612944,-0.011035522360551109,-0.012028485639873698,-0.010539040720889814,-0.012524967279534992,-0.007659724212297646,-0.009481739487423344,-0.011561980485505604,-0.015554505582987033,0.9659690078324347,0.03195136047755387,0.9979203683099885,0.9340176473548808,1.0298717287875423,0.9020662868773269,1.1750473584412116,1.0283893292299426,0.9833341606834349,0.906851083581739
826.756837992353,-0.011556121174951584,0.0004963898967539357,-0.011059731278197649,-0.012052511071705518,-0.010563341381443712,-0.012548900968459455,-0.007525995721131664,-0.00949196757464627,-0.011585188065419952,-0.015559417975814492,0.967989163509982,0.031146783129459014,0.999135946639441,0.9368423803805229,1.0302827297689001,0.905695597251064,1.154532610659479,1.0294986674238935,0.9853079407071236,0.9071374834762772
844.8791041863138,-0.01157815684607338,0.0004962698922037533,-0.011081886953869628,-0.012074426738277133,-0.010585617061665874,-0.012570696630480887,-0.007325315644972728,-0.00950048909706918,-0.01160610108078434,-0.015553033148986225,0.9698349637169583,0.030255979526420465,1.0000909432433789,0.9395789841905379,1.0303469227697992,0.9093230046641174,1.1237470906007088,1.030422911624036,0.9870865704528216,0.9067652384636148
863.398605113526,-0.011599488469888328,0.000496104977374378,-0.01110338349251395,-0.012095593447262706,-0.010607278515139571,-0.012591698424637084,-0.00701449168530729,-0.009508029957585321,-0.011625981794861564,-0.01552864894893838,0.9716217899694987,0.02937838970873803,1.0010001796782366,0.9422434002607606,1.0303785693869747,0.9128650105520226,1.0760648421773606,1.0312407932477927,0.9887774040704204,0.9053436029048576
882.3240480422552,-0.011620862886950009,0.0004959170469490013,-0.011124945840001007,-0.012116779933899011,-0.010629028793052006,-0.012612696980848012,-0.006608789728729738,-0.00951530138052539,-0.011645745155773463,-0.015489749409549357,0.9734122007638141,0.0288420816708437,1.0022542824346579,0.9445701190929704,1.0310963641055015,0.9157280374221267,1.013827743402249,1.032029451675901,0.9904582569259452,0.9030757012182652
901.6643311015184,-0.011641235618385072,0.0004957443632228397,-0.011145491255162232,-0.012136979981607912,-0.010649746891939392,-0.012632724344830752,-0.006171001924190224,-0.009522952316332847,-0.011664641686555207,-0.015449521565992561,0.9751187061700558,0.02876121148962962,1.0038799176596853,0.9463574946804262,1.032641129149315,0.9175962831907966,0.9466684842665174,1.0328592720641798,0.9920653867995332,0.9007303573997167
921.4285474646987,-0.011660185713471922,0.0004956072814956896,-0.011164578431976232,-0.012155792994967612,-0.010668971150480542,-0.012651400276463302,-0.00573312961309103,-0.00953113626076635,-0.01168236703471351,-0.015422445230121259,0.9767060455907703,0.02898889257114591,1.0056949381619162,0.9477171530196244,1.0346838307330621,0.9187282604484786,0.8794962613207362,1.0337469025604182,0.9935729088348728,0.8991517662710363
941.6259896248592,-0.009632964278204065,0.0009159378743021325,-0.008717026403901932,-0.010548902152506198,-0.0078010885295998,-0.01146484002680833,-0.005376891775892832,-0.009539706727198446,-0.011696069140526252,-0.015414114453997528,0.8068974781946553,0.22937365736080687,1.0362711355554621,0.5775238208338485,1.265644792916269,0.34815016347304156,0.8248472533441176,1.0346764552270973,0.9947382583816792,0.8986660694859745
962.2661537637723,-0.009643394327859283,0.0009169367398665273,-0.008726457587992755,-0.01056033106772581,-0.007809520848126228,-0.011477267807592338,-0.005245074797314869,-0.009548009759351803,-0.011701900023850909,-0.015421109287185087,0.8077711428861442,0.22944293256772652,1.0372140754538708,0.5783282103184176,1.266657008021597,0.3488852777506911,0.8046257429890764,1.0355770019757284,0.9952341688156469,0.8990738787873868
983.3587442167154,-0.009648996592700356,0.000916188614788767,-0.008732807977911589,-0.010565185207489123,-0.007816619363122822,-0.01148137382227789,-0.0053534613347363275,-0.009554699822153118,-0.011701603004349956,-0.01543902584260246,0.8082404120790829,0.22960211756734786,1.0378425296464309,0.5786382945117351,1.2674446472137786,0.3490361769443872,0.8212528839875994,1.0363026060915002,0.9952089076225458,0.90011844093098
1004.9136780351338,-0.011674557710467317,0.000495602505964206,-0.011178955204503111,-0.012170160216431523,-0.010683352698538906,-0.012665762722395729,-0.005584062129236287,-0.009558677834606993,-0.011696752193736054,-0.015469488085702383,0.9779099043197439,0.02917012438173571,1.0070800287014796,0.9487397799380082,1.0362501530832153,0.9195696555562725,0.856628420615483,1.0367340612653673,0.994796351331724,0.9018944355465665
1026.9410896493214,-0.011666246617157209,0.0004957050541876549,-0.011170541562969554,-0.012161951671344864,-0.010674836508781899,-0.01265765672553252,-0.005860241345062713,-0.009559463775750338,-0.01168927097757118,-0.015510190540596382,0.9772137322963366,0.028965529637631156,1.0061792619339678,0.9482482026587055,1.0351447915715988,0.9192826730210742,0.8989959587955374,1.0368193044305367,0.9941600818424612,0.9042674499203202
1049.45133563329,-0.01165972855635536,0.000495825398572453,-0.011163903157782908,-0.012155553954927813,-0.010668077759210455,-0.012651379353500266,-0.0061322177451376735,-0.009556811864948911,-0.01168357769371545,-0.015558247946772174,0.9766677521938638,0.028821474795291624,1.0054892269891553,0.9478462773985722,1.034310701784447,0.9190248026032806,0.940718759983776,1.0365316782229326,0.9936758740971856,0.9070692690223244
1072.4549995741088,-0.011658710714183777,0.0004959498180478843,-0.011162760896135894,-0.012154660532231661,-0.010666811078088008,-0.012650610350279546,-0.006355506237941718,-0.00955043029467937,-0.011683208230508956,-0.015613975375099403,0.9765824934658408,0.028745419820152714,1.0053279132859936,0.9478370736456881,1.0340733331061462,0.9190916538255354,0.9749725459384284,1.035839533202746,0.9936444516438684,0.910318261958432
1095.9628970479482,-0.01166460511778468,0.0004960655371851234,-0.011168539580599556,-0.012160670654969803,-0.010672474043414433,-0.012656736192154926,-0.006461688495058176,-0.009540374018125882,-0.011689395660232978,-0.015686205000248254,0.9770762334262173,0.028672558251411365,1.0057487916776287,0.948403675174806,1.03442134992904,0.9197311169233946,0.9912615371971089,1.0347488295915457,0.9941706859704256,0.9145293578035215
1119.9860807052257,-0.011681714769674464,0.0004961600712307925,-0.011185554698443671,-0.012177874840905257,-0.010689394627212878,-0.01267403491213605,-0.006420753066953914,-0.009526562056079565,-0.01170628341683765,-0.01578003979822968,0.9785094096079139,0.028524085924207705,1.0070334955321216,0.9499853236837061,1.0355575814563294,0.9214612377594985,0.9849817984849308,1.0332507843854946,0.9956069717337082,0.9200000677385388
1144.5358454671996,-0.01170714521738243,0.000496247571697051,-0.01121089764568538,-0.012203392789079481,-0.010714650073988329,-0.012699640360776532,-0.0063284889523986445,-0.009508825112939,-0.011731238480038824,-0.015887804998799927,0.9806395705357757,0.028354220945304636,1.0089937914810803,0.9522853495904711,1.037348012426385,0.9239311286451664,0.9708279332696496,1.031327035786083,0.9977293733549955,0.926282941108453
1169.6237338364645,-0.011732374914179335,0.0004963288173006593,-0.011236046096878675,-0.012228703731479995,-0.010739717279578016,-0.012725032548780654,-0.006238736092268577,-0.009487715229304167,-0.011755974705200983,-0.015993630947606797,0.9827529157255944,0.028212488482414564,1.010965404208009,0.9545404272431799,1.0391778926904236,0.9263279387607652,0.9570593094543094,1.0290374581088917,0.9998331630334854,0.9324527531821678
1195.2615413238798,-0.011750059800286105,0.0004963987506575439,-0.011253661049628562,-0.012246458550943648,-0.010757262298971016,-0.012742857301601193,-0.006151222825868836,-0.009464042706560167,-0.011773242047067749,-0.01608690071435418,0.9842342759372169,0.028111822956962,1.0123460988941788,0.9561224529802549,1.040457921851141,0.9280106300232929,0.9436342526687815,1.0264699366305623,1.0013017321201634,0.9378905209459207
1221.4613219944165,-0.011755392510627781,0.0004964670794307953,-0.011258925431196986,-0.012251859590058577,-0.010762458351766192,-0.012748326669489371,-0.00608653685584033,-0.009438903562332669,-0.011778352654649667,-0.01616720020477355,0.9846809661150656,0.028042379174531343,1.012723345289597,0.9566385869405343,1.0407657244641284,0.9285962077660029,0.9337110392339988,1.0237433454071034,1.001736383867193,0.9425721020806829
1248.2353941346062,-0.011747845017997853,0.000496541138534292,-0.011251303879463562,-0.012244386156532144,-0.010754762740929269,-0.012740927295066437,-0.006066705703881954,-0.009413539801797132,-0.011770837328687283,-0.016237136652724183,0.9840487564863472,0.027982451667672215,1.0120312081540193,0.9560663048186749,1.0400136598216916,0.9280838531510027,0.9306688222980256,1.0209923923020865,1.001097213375879,0.9466495022440966
1275.5963460441806,-0.011730699497822987,0.0004966213067763456,-0.011234078191046642,-0.012227320804599331,-0.010737456884270295,-0.012723942111375678,-0.006079076831616853,-0.009388520675204922,-0.011753916889572806,-0.01630194985292413,0.9826125758266994,0.027926718733052823,1.0105392945597522,0.9546858570936465,1.038466013292805,0.9267591383605938,0.9325666270443758,1.018278818189635,0.9996581479998488,0.9504282093536307
1303.5570419546984,-0.011707970938344156,0.0004967031480321365,-0.01121126779031202,-0.012204674086376292,-0.010714564642279883,-0.012701377234408428,-0.006119206665946728,-0.009364250095938961,-0.01173153880985637,-0.016361178403708432,0.9807087363857121,0.027874520996829685,1.0085832573825417,0.9528342153888825,1.0364577783793714,0.9249596943920527,0.9387227828689284,1.015646431509485,0.9977549160870068,0.9538813229978514
1332.1306280778824,-0.01168401968247738,0.0004967923968194171,-0.011187227285657964,-0.012180812079296797,-0.010690434888838547,-0.012677604476116214,-0.006218239478785635,-0.009341124834497637,-0.011708077003109942,-0.016416554093490233,0.9787024787686021,0.027821401028423478,1.0065238797970255,0.9508810777401786,1.034345280825449,0.9230596767117552,0.9539150067532468,1.013138265984219,0.9957595143412561,0.9571098090474266
1361.3305387865335,-0.011661915999380764,0.0004968811010094945,-0.011165034898371269,-0.01215879710039026,-0.010668153797361775,-0.012655678201399753,-0.00633224412425748,-0.009319123953033893,-0.011686476783108385,-0.016468966422570355,0.9768509815934461,0.027791678739342494,1.0046426603327885,0.9490593028541036,1.0324343390721311,0.921267624114761,0.9714039990196583,1.010752050695244,0.9939224385710248,0.9601655267085099
1391.1705029309549,-0.011643858580708162,0.0004969541002490355,-0.011146904480459126,-0.012140812680957198,-0.010649950380210091,-0.012637766781206233,-0.006404221323216815,-0.009297761925714004,-0.01166876647995036,-0.01651664810288143,0.9753384164921101,0.02777822371312807,1.003116640205238,0.947560192778982,1.0308948639183662,0.919781969065854,0.9824457304398806,1.0084351255175767,0.99241619609698,0.9629454404271685
1421.6645502937909,-0.011635223920938796,0.0004970014134080445,-0.011138222507530752,-0.01213222533434684,-0.010641221094122707,-0.012629226747754884,-0.006437938526587715,-0.009276178202789172,-0.011660215912139355,-0.01655319044647951,0.974615141185387,0.027751803332387692,1.0023669445177745,0.9468633378529993,1.0301187478501623,0.9191115345206116,0.9876181504457331,1.0060941552377676,0.991688979385938,0.9650759140517868
1452.8270181863977,-0.011640495397400523,0.0004970223204749527,-0.011143473076925571,-0.012137517717875475,-0.010646450756450617,-0.012634540038350428,-0.006490768004085905,-0.009253229685856932,-0.011665331134037844,-0.01656475985908859,0.9750567021567024,0.02771317926106898,1.0027698814177715,0.9473435228956334,1.0304830606788404,0.9196303436345644,0.9957225072426024,1.0036051594194293,0.9921240235756913,0.9657504282177932
1484.672558189758,-0.011656217857901741,0.0004970364240931072,-0.011159181433808634,-0.012153254281994848,-0.010662145009715527,-0.012650290706087955,-0.006588552648982808,-0.00922859606833474,-0.011680815695741732,-0.016565018725046118,0.9763736813713095,0.02769293201098059,1.0040666133822902,0.948680749360329,1.0317595453932706,0.9209878173493483,1.010723254723529,1.0009333976151995,0.9934409691029504,0.9657655204926864
1517.2161430432034,-0.011675107068801437,0.0004970576821378861,-0.01117804938666355,-0.012172164750939324,-0.010680991704525664,-0.01266922243307721,-0.00668757600487019,-0.009203034281004288,-0.011699469998114808,-0.01657935869548021,0.9779559208772255,0.027698349949461375,1.005654270826687,0.9502575709277641,1.0333526207761483,0.9225592209783028,1.0259140278551049,0.9981609665268376,0.995027497707644,0.9666015623493245
1550.4730736840859,-0.011692933998200926,0.0004970826705703719,-0.011195851327630554,-0.012190016668771297,-0.010698768657060181,-0.01268709933934167,-0.006717059506523098,-0.009177351505330767,-0.01171698536451525,-0.01662093284503863,0.9794491792306222,0.027669969442252813,1.007119148672875,0.9517792097883694,1.0347891181151279,0.9241092403461166,1.0304369727777465,0.9953754130445164,0.9965171610174924,0.9690253978338338
1584.4589864418033,-0.011704777840873823,0.0004971060605931047,-0.01120767178028072,-0.012201883901466927,-0.010710565719687613,-0.012698989962060033,-0.00662028728605435,-0.009152069801750016,-0.011728380880724887,-0.016695278004516048,0.9804412691531936,0.027562787836696825,1.0080040569898905,0.9528784813164968,1.0355668448265873,0.9253156934798,1.0155915372397766,0.992633359835642,0.9974863375683096,0.9733598325139624
1619.189860389485,-0.01171044129731899,0.0004971167017391192,-0.011213324595579872,-0.01220755799905811,-0.010716207893840753,-0.012704674700797228,-0.0063426508581313455,-0.009127299403435025,-0.011733359540301977,-0.016799450578532455,0.9809156640114628,0.027461428514552893,1.0083770925260156,0.9534542354969099,1.0358385210405685,0.925992806982357,0.9730004540367795,0.9899467627885812,0.9979097672776664,0.9794332503492168
1654.6820248568238,-0.01171300440416069,0.0004971147254861148,-0.011215889678674575,-0.012210119129646806,-0.01071877495318846,-0.01270723385513292,-0.005910658812260808,-0.009103187914270247,-0.011735081696289734,-0.016918339088339115,0.9811303605874264,0.02759167841279275,1.0087220390002192,0.9535386821746337,1.036313717413012,0.9259470037618409,0.9067302988329116,0.9873316310185309,0.9980562348153784,0.9863646293871665
1690.9521671076195,-0.011713538365362949,0.0004971233895298227,-0.011216414975833127,-0.012210661754892771,-0.010719291586303303,-0.012707785144422595,-0.005503435888925717,-0.009080275933528517,-0.011734964820780616,-0.017036303028014857,0.9811750874165844,0.02791366259061456,1.009088750007199,0.9532614248259699,1.0370024125978134,0.9253477622353553,0.8442598746897854,0.9848465979148932,0.9980462946774576,0.9932421045950911
1728.0173401855616,-0.011710526827842021,0.0004971503699809327,-0.011213376457861088,-0.012207677197822954,-0.010716226087880155,-0.012704827567803887,-0.005291088826802126,-0.0090590390446471,-0.011731679319064837,-0.017130452258858238,0.9809228284066945,0.028129365120015487,1.00905219352671,0.952793463286679,1.0371815586467255,0.9246640981666636,0.8116845694300375,0.9825432452504732,0.9977668662459568,0.9987311464391527
1765.894970932045,-0.011702580079545943,0.0004971932617610029,-0.01120538681778494,-0.012199773341306947,-0.010708193556023938,-0.012696966603067949,-0.005328582703516627,-0.009039720618071416,-0.01172384766729435,-0.017188365444132093,0.9802571754493321,0.028085501544766352,1.0083426769940984,0.9521716739045658,1.0364281785388647,0.9240861723597994,0.8174363536418453,0.9804479689803017,0.9971007925806232,1.002107572294611
1804.6028681796768,-0.011693227199255467,0.0004972615054718042,-0.011195965693783663,-0.01219048870472727,-0.010698704188311859,-0.012687750210199075,-0.005628683724666095,-0.009022356121945982,-0.011715019310580537,-0.017219022447485098,0.9794737389803193,0.0277901681505347,1.007263907130854,0.9516835708297846,1.0350540752813888,0.9238934026792499,0.8634736393708853,0.9785646159788258,0.996349950218428,1.0038949217260482
1844.1592311254367,-0.011686616126737066,0.0004973501501775902,-0.011189265976559476,-0.012183966276914655,-0.010691915826381885,-0.012681316427092247,-0.006051788743925836,-0.009006671839117032,-0.011709185711802043,-0.017238377786386226,0.9789199678264774,0.027506717537581882,1.0064266853640593,0.9514132502888955,1.0339334029016412,0.9239065327513136,0.928380471711686,0.976863498887462,0.9958538088379953,1.0050233671119806
1884.5826578873373,-0.011682795706620633,0.0004974358546465758,-0.011185359851974056,-0.01218023156126721,-0.010687923997327481,-0.012677667415913784,-0.006424295992626472,-0.008992703273277494,-0.011706126609149197,-0.017252279701007903,0.9785999534188076,0.02745460881986768,1.0060545622386752,0.9511453445989398,1.033509171058543,0.9236907357790722,0.985525304404636,0.9753484684362372,0.9955936354063456,1.0058338696555214
1925.8921542486453,-0.011680838723002877,0.0004974963090220001,-0.011183342413980876,-0.012178335032024878,-0.010685846104958877,-0.012675831341046877,-0.006670065182702007,-0.008980360544068838,-0.011704698279153746,-0.017257082852310604,0.9784360282655078,0.027567685298251886,1.0060037135637596,0.9508683429672559,1.0335713988620117,0.923300657669004,1.0232277633418445,0.9740097762027506,0.9954721574572161,1.0061139006047677
1968.1071425938096,-0.011679665297041343,0.0004975264799611642,-0.011182138817080179,-0.012177191777002508,-0.010684612337119015,-0.012674718256963672,-0.006798849077243251,-0.00896947505042752,-0.011703778886121558,-0.01725251699897654,0.9783377371868881,0.027685785765532628,1.0060235229524208,0.9506519514213555,1.0337093087179534,0.9229661656558228,1.0429839805235943,0.9728291357180612,0.9953939640562862,1.0058477044842042
2011.2474710402055,-0.011678975652778808,0.0004975350802723876,-0.01118144057250642,-0.012176510733051196,-0.010683905492234032,-0.012674045813323584,-0.006877223014622014,-0.008960124922760654,-0.011703196184045153,-0.01723255499732746,0.9782799696918346,0.027777569971825133,1.0060575396636597,0.9505023997200095,1.033835109635485,0.9227248297481844,1.055007009752205,0.9718150210050069,0.9953444058635572,1.004683889747095
2055.3334227701066,-0.011679539068954772,0.0004975223349340445,-0.011182016734020727,-0.012177061403888816,-0.010684494399086683,-0.01267458373882286,-0.006925937080967378,-0.008952577216363854,-0.011703743757633141,-0.017191204109442255,0.9783271637930926,0.02783749754347274,1.0061646613365653,0.9504896662496198,1.034002158880038,0.9226521687061471,1.0624800379437618,0.9709963968771319,0.9953909764156552,1.0022730707541223
2100.385725567148,-0.0116840277735114,0.0004974846353674957,-0.011186543138143904,-0.012181512408878896,-0.010689058502776409,-0.012678997044246392,-0.00694941880134736,-0.008947005886029346,-0.011708053539149573,-0.017122311455389803,0.9787031565075366,0.02785544768967844,1.006558604197215,0.9508477088178582,1.0344140518868934,0.9229922611281797,1.066082273838868,0.9703921304687136,0.995757518756347,0.998256525345786
2146.4255615618827,-0.011694929417980083,0.0004974323915775052,-0.011197497026402577,-0.012192361809557588,-0.010700064634825071,-0.012689794201135094,-0.006945433763526462,-0.00894316301354099,-0.011718604786804457,-0.017043212075006794,0.9796163239579607,0.02782445776424827,1.007440781722209,0.9517918661937125,1.0352652394864572,0.9239674084294642,1.065470945279908,0.9699753325735744,0.9966548911632531,0.9936449124321984
2193.4745771909243,-0.01171106465425643,0.0004973892136342699,-0.011213675440622161,-0.0122084538678907,-0.01071628622698789,-0.01270584308152497,-0.0069001223563154215,-0.008940523766697519,-0.011734262424715383,-0.01698555019472845,0.9809678790022287,0.027735736537046318,1.008703615539275,0.9532321424651824,1.0364393520763213,0.9254964059281361,1.0585199052848773,0.9696890798986691,0.997986556638102,0.9902831380361693
2241.554893374381,-0.011731505503961404,0.0004973668568735942,-0.01123413864708781,-0.012228872360834997,-0.010736771790214216,-0.012726239217708591,-0.00679622259955813,-0.008938598027121268,-0.011754087735445097,-0.01695452717767223,0.9826800902803727,0.02759607664052145,1.0102761669208942,0.9550840136398513,1.0378722435614156,0.9274879369993299,1.0425810631886658,0.9694802142117644,0.9996726782598372,0.9884744494550177
2290.68911591643,-0.011758241828472663,0.000497370824052986,-0.011260871004419677,-0.012255612652525649,-0.01076350018036669,-0.012752983476578635,-0.006648770286831352,-0.008936815685312462,-0.011780064771889271,-0.016931495672274366,0.9849196369247158,0.02747106178574102,1.012390698710457,0.9574485751389749,1.039861760496198,0.9299775133532338,1.01996099936346,0.9692869014446664,1.0018819976200366,0.9871316780300348
2340.9003461337916,-0.011791076733979552,0.0004974241682089181,-0.011293652565770633,-0.01228850090218847,-0.010796228397561716,-0.012785925070397388,-0.00654710722509934,-0.008934414521437768,-0.01181219516018247,-0.016905016919186618,0.9876700262841175,0.02742995067592144,1.0150999769600388,0.960240075608196,1.0425299276359603,0.9328101249322747,1.004365279618426,0.9690264712451505,1.0046146530197178,0.9855879268769424
2392.2121917172603,-0.011824492220376119,0.0004975485443398671,-0.011326943676036252,-0.012322040764715986,-0.010829395131696385,-0.012819589309055853,-0.00655500674931666,-0.008930437948527915,-0.011845165092869345,-0.016882287526460007,0.990469047533168,0.027447701400387176,1.0179167489335552,0.9630213461327808,1.0453644503339423,0.9355736447323937,1.0055771137272311,0.9685951722042074,1.007418710778428,0.9842627690753452
2444.6487778312335,-0.011852464432577958,0.0004977362174523271,-0.01135472821512563,-0.012350200650030285,-0.010856991997673303,-0.012847936867482613,-0.0066231373937570325,-0.008924513716726964,-0.011872937125064957,-0.016880202117638632,0.9928121173124528,0.027491593755907796,1.0203037110683606,0.965320523556545,1.0477953048242683,0.9378289298006371,1.0160287607525935,0.9679526301077848,1.0097806926208797,0.9841411866027114
2498.234758456616,-0.011873044326826086,0.0004979562638353025,-0.011375088062990785,-0.012371000590661388,-0.010877131799155481,-0.012868956854496691,-0.006710793755230849,-0.008916700681816292,-0.01189354351500387,-0.016919746306712273,0.9945359755445341,0.027555908205129584,1.0220918837496638,0.9669800673394046,1.0496477919547933,0.9394241591342749,1.0294757691755612,0.9671052284530891,1.0115332441997982,0.9864466723360552
2552.995327982308,-0.011887992311081154,0.0004981460697927075,-0.011389846241288446,-0.012386138380873862,-0.010891700171495738,-0.01288428445066657,-0.006744437984481723,-0.008906622707135655,-0.01190858461734772,-0.017020347076887637,0.9957880813814464,0.027599467399421852,1.0233875487808681,0.9681886139820245,1.0509870161802901,0.9405891465826026,1.0346369945163587,0.9660121714633285,1.01281247397947,0.9923118486321421
2608.956233050772,-0.01189887481301985,0.000498244104269768,-0.011400630708750081,-0.012397118917289618,-0.010902386604480313,-0.012895363021559386,-0.006669340418801999,-0.008893829240613835,-0.011919425350108327,-0.017168538974985104,0.9966996453732958,0.02758585326011936,1.0242854986334151,0.9691137921131765,1.0518713518935345,0.9415279388530571,1.023116580238825,0.9646245922673011,1.0137344667871648,1.0009516593063374
2666.1437846633053,-0.011909991122567874,0.0004983389615005416,-0.011411652161067333,-0.012408330084068416,-0.010913313199566791,-0.012906669045568957,-0.006491115938267491,-0.008878508505274418,-0.01193030662235884,-0.017345336532339363,0.9976307940708392,0.027579203015015347,1.0252099970858546,0.9700515910558238,1.0527892001008698,0.9424723880408086,0.9957758824203048,0.9629629055314536,1.0146599074354206,1.0112592229640776
2724.5848705505764,-0.01192270582999064,0.0004989290882012708,-0.011423776741789368,-0.01242163491819191,-0.010924847653588098,-0.01292056400639318,-0.006290661536417835,-0.008861416055614739,-0.011942785348039464,-0.017533220695774416,0.998695831276326,0.02766983773996489,1.0263656690162908,0.9710259935363611,1.0540355067562557,0.9433561557963962,0.9650249821459598,0.9611090586857637,1.015721209801303,1.022213152440646
2784.306967814407,-0.011934301642474558,0.0005013014940952486,-0.01143300014837931,-0.012435603136569806,-0.010931698654284061,-0.012936904630665054,-0.006116096720243731,-0.00884317597732359,-0.01195433152766942,-0.01770978636022144,0.9996671451502975,0.027883811470497476,1.027550956620795,0.9717833336798001,1.0554347680912926,0.9438995222093026,0.9382456986578108,0.959130740055114,1.0167032001160037,1.0325071963929169
2845.3381558465694,-0.011945089517830144,0.0005080101474318982,-0.011437079370398246,-0.012453099665262042,-0.010929069222966348,-0.01296110981269394,-0.005953965406348829,-0.008824350656126717,-0.011965429019503284,-0.017876613684536163,1.0005707828227839,0.028308695133178907,1.0288794779559627,0.972262087689605,1.0571881730891417,0.9439533925564261,0.9133737885429608,0.9570889459872777,1.0176470300101834,1.0422334804601727
2907.7071295308488,-0.0119549647909144,0.0005231068289831602,-0.01143185796193124,-0.01247807161989756,-0.01090875113294808,-0.013001178448880721,-0.005805123415139756,-0.008805240259944593,-0.011976305531621212,-0.01803236275577599,1.001397977102555,0.029108573245187504,1.0305065503477424,0.9722894038573675,1.0596151235929299,0.9431808306121799,0.8905405397538522,0.9550162326906171,1.0185720658142183,1.0513138857014148
2971.443212734402,-0.011966837989102641,0.0005515094360490559,-0.011415328553053584,-0.012518347425151698,-0.01086381911700453,-0.013069856861200753,-0.005669189037664128,-0.008786140090261843,-0.01199028193190945,-0.018168177140908754,1.0023925259661768,0.030504694737984974,1.0328972207041618,0.9718878312281918,1.0634019154421468,0.9413831364902069,0.8696873958615899,0.9529446285599326,1.0197607438148464,1.0592320687427548
3036.576372094929,-0.011977724362881057,0.0005970180366872216,-0.011380706326193835,-0.01257474239956828,-0.010783688289506614,-0.0131717604362555,-0.005545449517964233,-0.00876744177558135,-0.012004902045532345,-0.018289875423167033,1.0033044142795555,0.03269905286617836,1.0360034671457339,0.9706053614133772,1.0687025200119122,0.9379063085471988,0.8507050158530896,0.9509166096170468,1.0210041689509195,1.066327261743082
3103.1372311099944,-0.011986376099539495,0.0006602670419523218,-0.011326109057587172,-0.012646643141491817,-0.010665842015634851,-0.013306910183444138,-0.005433225892501669,-0.008749220304561874,-0.012019319977586915,-0.018400004600123452,1.004029120018109,0.03578415523475651,1.0398132752528655,0.9682449647833525,1.0755974304876221,0.932460809548596,0.8334892426738453,0.9489403091308167,1.0222303987593373,1.072747958493876
3171.157084535184,-0.011992456720491651,0.000739897441211816,-0.011252559279279834,-0.012732354161703468,-0.010512661838068019,-0.013472251602915283,-0.005331871507683304,-0.008731469440797928,-0.012033538462176713,-0.018499252612719848,1.0045384583246213,0.03976711845355376,1.044305576778175,0.9647713398710676,1.0840726952317288,0.9250042214175138,0.8179408758075755,0.9470150507007924,1.023439665772703,1.0785342669873337
3240.667913097928,-0.011995643164815278,0.0008337591912382315,-0.011161883973577046,-0.01282940235605351,-0.010328124782338815,-0.013663161547291741,-0.005240770599419901,-0.008714183015668555,-0.012047560197061232,-0.01858827239012502,1.0048053682616755,0.04460429938390685,1.0494096676455824,0.9602010688777687,1.0940139670294893,0.9155967694938618,0.8039654533720467,0.945140165278433,1.0246321994325962,1.0837242539765943
3311.7023985337473,-0.011995613370333093,0.0009395898291245742,-0.011056023541208519,-0.012935203199457667,-0.010116433712083945,-0.01387479302858224,-0.00515933693221997,-0.00869735492765688,-0.012061387844114948,-0.018667683496687744,1.004802872550922,0.05022779648227452,1.0550306690331965,0.9545750760686474,1.105258465515471,0.904347279586373,0.7914730433479583,0.9433149910933054,1.025808226128614,1.0883540409955788
3384.2939389522016,-0.011992032808842756,0.0010553488718192193,-0.010936683937023538,-0.013047381680661975,-0.009881335065204317,-0.014102730552481195,-0.0050870124953805275,-0.00868097914168674,-0.012075024029803835,-0.018738073705025095,1.004502949707482,0.05656466169100227,1.0610676113984843,0.9479382880164797,1.1176322730894865,0.8913736263254775,0.7803780435668314,0.9415388735811356,1.0269679692388982,1.0924578960724054
3458.4766645395384,-0.011984538888549813,0.001179317684498523,-0.01080522120405129,-0.013163856573048336,-0.009625903519552767,-0.014343174257546859,-0.005023266253983598,-0.008665049688459513,-0.012088471345654299,-0.018800000498452363,1.003875227522334,0.0635471982587116,1.0674224257810456,0.9403280292636224,1.130969624039757,0.8767808310049108,0.7705989901064263,0.93981116531188,1.028111649170017,1.0960683213233169
3534.2854536056484,-0.011972721507088066,0.001310090644403485,-0.010662630862684581,-0.013282812151491552,-0.009352540218281096,-0.014592902795895037,-0.004967592952440437,-0.008649560663799022,-0.01210173234872443,-0.018853992505830867,1.0028853541017584,0.07111711042971242,1.0740024645314707,0.931768243672046,1.1451195749611833,0.8606511332423336,0.7620583737472939,0.9381312259186753,1.0292394833970455,1.0992161366064657
3611.7559489826954,-0.011956096939432321,0.001446533121096644,-0.010509563818335677,-0.013402630060528966,-0.009063030697239034,-0.014849163181625609,-0.004919511968465145,-0.00863450622800241,-0.012114809562021378,-0.018900550871771893,1.0014928106094247,0.0792266153449639,1.0807194259543886,0.9222661952644609,1.1599460412993525,0.843039579919497,0.7546824641654952,0.9364984220274328,1.030351686499062,1.101930559406866
3690.924574783196,-0.011934070172563909,0.0015877405572862218,-0.010346329615277688,-0.01352181072985013,-0.008758589057991466,-0.015109551287136352,-0.00487856621541663,-0.008619880605195668,-0.012127705474980287,-0.01894015056501585,0.9996477562600466,0.08783863585586794,1.0874863921159146,0.9118091204041787,1.1753250279717826,0.8239704845483108,0.7484011415453155,0.9349121271869398,1.0314484701998814,1.104239281116868
3771.828553525506,-0.011905876608927236,0.0017330124511488701,-0.010172864157778365,-0.013638889060076107,-0.008439851706629496,-0.015371901511224976,-0.004844321091039042,-0.008605678082699646,-0.012140422543902577,-0.0189732416276797,0.9972861451564713,0.09692735564473626,1.0942135008012075,0.9003587895117351,1.1911408564459438,0.8034314338669988,0.7431477353097788,0.9333717218000982,1.032530043405331,1.106168539869162
3854.5059236345824,-0.011870484897702448,0.0018818491828794406,-0.009988635714823007,-0.013752334080581888,-0.008106786531943567,-0.01563418326346133,-0.004816363470695603,-0.008591893010400631,-0.012152963192367772,-0.019000250367960703,0.9943215870296556,0.10648013918238118,1.1008017262120366,0.8878414478472744,1.207281865394418,0.7813613086648932,0.7388588696767163,0.931876593055655,1.0335966122382751,1.1077431900732029
3938.995557326475,-0.01182642052524218,0.0020339845600938415,-0.009792435965148338,-0.013860405085336022,-0.007758451405054497,-0.015894389645429864,-0.004794300743293179,-0.008578519800118166,-0.012165329811689104,-0.019021580498762923,0.9906305704339781,0.11650227485402281,1.107132845288001,0.8741282955799552,1.2236351201420237,0.7576260207259324,0.7354743157638477,0.9304261348596374,1.0346483800773645,1.1089867687988482
4025.3371788847207,-0.011771408856572225,0.0021894887197939773,-0.009581920136778247,-0.013960897576366203,-0.0073924314169842706,-0.01615038629616018,-0.004777759888145993,-0.008565552924993454,-0.012177524761322426,-0.019037614224615043,0.9860225624066357,0.12702793584649003,1.1130504982531257,0.8589946265601456,1.2400784340996158,0.7319666907136556,0.7329368499741714,0.9290197477690199,1.0356855475918134,1.1099215591453024
4113.571383337466,-0.011701534378518277,0.0023490520284545997,-0.009352482350063678,-0.014050586406972876,-0.007003430321609078,-0.016399638435427476,-0.004766386591089066,-0.008552986918872097,-0.012189550369286928,-0.01904871327914616,0.9801695831467137,0.1381475856342812,1.1183171687809947,0.8420219975124325,1.256464754415276,0.7038744118781513,0.7311921184024976,0.9276568389247742,1.0367083127771817,1.110568650727518
4203.739655543908,-0.011608720025584756,0.0025149041868053096,-0.009093815838779447,-0.014123624212390065,-0.006578911651974137,-0.016638528399195374,-0.004759844398254659,-0.008540816375701327,-0.012201408932591518,-0.019055219915286296,0.9723950637818095,0.15009274334922762,1.1224878071310371,0.8223023204325819,1.2725805504802647,0.6722095770833543,0.7301885070197093,0.9263368219864949,1.0377168709916371,1.110947997406374
4295.884389699107,-0.011468331173615707,0.0026955959483150396,-0.008772735225300667,-0.014163927121930747,-0.006077139276985628,-0.016859523070245786,-0.004757813905948575,-0.008529035948921853,-0.012213102717624796,-0.01905745785026891,0.9606355049016028,0.16366273544093518,1.124298240342538,0.7969727694606676,1.2879609757834731,0.6333100340197324,0.7298770173949564,0.9250591170664373,1.0387114149891232,1.111078472383746
4390.048909266414,-0.00872973080727207,0.002054016717084189,-0.006675714090187881,-0.01078374752435626,-0.004621697373103692,-0.012837764241440449,-0.004759991985149547,-0.008517640350877235,-0.012224633960565464,-0.019055733167422713,0.7312388554833594,0.2510547202163558,0.9822935756997152,0.48018413526700365,1.233348295916071,0.22912941505064788,0.7302111477292402,0.9238231506654596,1.0396921349542636,1.1109779207783244
4486.277487346692,-0.008739481370689407,0.002139559597696808,-0.006599921772992599,-0.010879040968386215,-0.004460362175295791,-0.013018600566083022,-0.004766091039209676,-0.008506624352222667,-0.012236004867771376,-0.0190503351766528,0.7320556035585316,0.25527170888188555,0.9873273124404172,0.47678389467664606,1.2425990213223028,0.2215121857947605,0.7311467789822348,0.9226283556088989,1.0406592185354504,1.1106632097929612
4584.6153674941625,-0.008750758585116805,0.0022261701224568766,-0.006524588462659928,-0.01097692870757368,-0.0042984183402030515,-0.013203098830030558,-0.004775838293380458,-0.008495982781338821,-0.012247217616196371,-0.01904153723543556,0.7330002303234328,0.2597669172444045,0.9927671475678372,0.4732333130790283,1.2525340648122416,0.2134663958346238,0.7326420658813433,0.9214741709829969,1.0416128508802955,1.1101502765799074
4685.1087849883825,-0.008763523213228637,0.0023136798276088572,-0.006449843385619779,-0.011077203040837494,-0.004136163558010922,-0.013390882868446351,-0.004788975114867304,-0.008485710523756183,-0.012258274353738748,-0.019029597532066077,0.7340694490951493,0.2645304852079846,0.9985999343031339,0.46953896388716465,1.2631304195111186,0.20500847867918004,0.7346573326140082,0.9203600420724634,1.0425532146652683,1.1094541739053163
4787.804988572634,-0.008777728663961598,0.0024019305698457036,-0.006375798094115894,-0.011179659233807301,-0.0039738675242701905,-0.013581589803653005,-0.004805256362130637,-0.008475802521574849,-0.012269177199659545,-0.01901475983282621,0.735259357210866,0.2695511454394528,1.0048105026503187,0.4657082117714132,1.2743616480897715,0.1961570663319604,0.7371549730066209,0.9192854202975468,1.0434804901312689,1.1085891137102657
4892.752262668729,-0.00879332137988518,0.002490773486008556,-0.006302547893876624,-0.011284094865893737,-0.0038117744078680687,-0.013774868351902291,-0.004824449762252015,-0.008466253772905934,-0.012279928244940128,-0.01899725419467248,0.7365654684756417,0.27481647087021793,1.0113819393458596,0.4617489976054238,1.2861984102160777,0.18693252673520588,0.740099355008772,0.9182497631534503,1.0443948551140418,1.1075685086615357
4999.99995007874,-0.008810241330287355,0.0025800681566252553,-0.006230173173662099,-0.01139030948691261,-0.003650105017036844,-0.013970377643537864,-0.0048463353151746,-0.008457059331298445,-0.012290529552656478,-0.01897729764496699,0.7379827544653328,0.28031311377698276,1.0182958682423155,0.45766964068835003,1.2986089820192983,0.17735652691136727,0.7434567293001886,0.9172525341481702,1.0452964850760085,1.106405011780942
